.Random.seed <-
c(403L, 10L, -784241990L, 1846560188L, -1609240833L, -453516715L, 
368874860L, -1379934782L, 1947213341L, -244652393L, -104550402L, 
-2121819208L, 1270306715L, 874847737L, -561799864L, 561272950L, 
1810425265L, -1548948509L, 1966962866L, 1482020100L, 831518279L, 
-562503395L, -1568886892L, 1909396282L, 363421573L, 1410509919L, 
775448294L, -1631646352L, 234518163L, -385863887L, 681653728L, 
-847261058L, -188980983L, -1129086149L, 583367434L, -1372335380L, 
2078412655L, -1326657371L, -1063691684L, -318875086L, 925192493L, 
1348851687L, -1885421810L, -807784216L, -226221333L, 1077078921L, 
-182626536L, 1363073606L, -1743840607L, -1341907661L, -1877048158L, 
-1870533740L, 1048121879L, 1967658509L, -511053020L, 1690504970L, 
66814581L, 651887055L, -513963306L, -2037862784L, -957869885L, 
-726970783L, -49674544L, 1724760110L, 356705753L, -1095419413L, 
-925012902L, 682030620L, -246761697L, -1933456523L, 392811020L, 
528720866L, 1658122429L, -1720574153L, 211371998L, 140203288L, 
-479496069L, -671547879L, -1930733912L, -989678506L, 1245384913L, 
-612995965L, 715886354L, -5367132L, 2060281447L, -1641416771L, 
-460936908L, -1546155366L, -1484076827L, -592037249L, -1536089082L, 
727332752L, -1380582861L, -1010552367L, 1901933440L, -189272482L, 
1445844393L, 331199579L, 12848234L, 1767560460L, -1462585521L, 
-1732500475L, 217373372L, 1754950546L, 1313761421L, -306254137L, 
1091987374L, 189264392L, 692975115L, 304824041L, 8018360L, 1458312806L, 
-973671679L, -1195100781L, -1996108222L, -1729187340L, 122670071L, 
511602669L, 787781764L, -56164694L, 2038952981L, 651191471L, 
-1858803018L, -1944770336L, -172551133L, 1827703617L, -1707076048L, 
537928782L, -1001919303L, 766535883L, -862554758L, -1716385668L, 
-935568193L, -1836672619L, 244740524L, -1627208830L, -1922487971L, 
1940400215L, -348364994L, -788084872L, -1894831013L, 1248418745L, 
-1427609080L, -1883639626L, -1422383119L, 574370339L, -1832420750L, 
2081210564L, -572701049L, -1102217635L, -935174060L, 540230266L, 
1097882053L, 59419423L, 1004570278L, -1696425936L, -475247917L, 
1435361521L, -1078637536L, -1514726722L, -1656705335L, -1847153541L, 
255214154L, -265472340L, 725004719L, -1155065499L, -989591780L, 
-400159886L, -976164883L, -1796782041L, 2119028814L, 1371903144L, 
-996943189L, 767176649L, 1682359256L, 828088966L, 1560114017L, 
-1644431629L, 441117026L, 1414371284L, -1528700201L, 163915981L, 
-1789812636L, -2010640822L, 1307237301L, 1183442703L, 229585942L, 
-597582144L, -736720765L, -1381849951L, 1265289872L, 1423243630L, 
1716410137L, 925354923L, 1311283610L, -1253851812L, -1037642657L, 
602147893L, 1366333388L, 284115746L, -124830339L, -1621438857L, 
468645790L, -1060776360L, -72302661L, 1665487193L, -425702680L, 
-727182570L, 1691686033L, -1739110077L, 1111835730L, -1539254556L, 
1408405799L, -1377877635L, -1191573388L, 1761274458L, -436951387L, 
-1836747585L, -675330234L, -636885552L, -816859149L, -940011759L, 
-757477568L, -161695970L, 1248110569L, 41078043L, 13772586L, 
-1923762100L, 1181356047L, 1794702464L, 1135282420L, 1445844104L, 
-39258822L, -265206960L, -91247508L, -1809420140L, -678295214L, 
696655584L, -1248059188L, -862840672L, 1956387202L, 978778344L, 
42903788L, -870045636L, -660283278L, -1783797648L, 656597540L, 
-1075543496L, -822478310L, 465363152L, 71566908L, -1982411628L, 
1159005314L, -1734170688L, -1531478724L, -1036841328L, -264395742L, 
-792539128L, -972989300L, 1563955228L, -1259637614L, -793301888L, 
-659307500L, -564247768L, -1162456006L, 1044819152L, -256420756L, 
-2068535628L, 1019670546L, 2033549280L, -1390482484L, 1516559840L, 
1389943842L, 1847108904L, 46831884L, 1682509372L, -224955150L, 
2134722800L, -2110617788L, -1535831976L, 1865204282L, 758839536L, 
236769980L, -875562476L, 1246227650L, 647317088L, -464071300L, 
1804711120L, -977026014L, 771598504L, 1917603212L, -2116292164L, 
-1727145934L, 92799808L, 1541951156L, 1716543816L, -692567366L, 
-415187184L, 430350572L, -200972204L, -111909102L, -1097014880L, 
840533964L, 1701338976L, -1657078590L, 1874824744L, -794207828L, 
-1869683908L, -2057522318L, -2046382288L, -784244700L, -1699197384L, 
-587476262L, 773535632L, -744852228L, 474455444L, -697863358L, 
1861560832L, 1734699068L, 1392120400L, -593227614L, -881515704L, 
-571536884L, -1958896932L, 1595363410L, -272978816L, 46786388L, 
1629474792L, -625736966L, -1535293616L, 1214915628L, -1283696268L, 
-785379694L, -1204018592L, 2093371532L, -1697214112L, 539449570L, 
-1034572632L, 337766092L, 942807548L, -895591502L, 1211081712L, 
-1367748156L, -653456040L, 191586682L, -1244827216L, -509113924L, 
-457097644L, 1331747266L, 296706848L, -1576913988L, 1560227920L, 
1392565218L, 2070118248L, 1856026444L, 277974780L, 319461106L, 
1833024768L, -2062840716L, 562023944L, -1915435590L, -2008025648L, 
-1848363028L, 1419299732L, 1900038354L, 867558496L, -1670673076L, 
24810272L, 1929132674L, 891879912L, -994067476L, 1124564540L, 
194127474L, 7383920L, 1042013476L, 842185272L, -1137380966L, 
1713827280L, 1041565116L, -966103404L, 1322115714L, -393749056L, 
-323799236L, 1862021776L, 6879010L, 1690383880L, -1165786356L, 
114754460L, -627860462L, -2037847168L, -1979671788L, -467634904L, 
-847040454L, 484525008L, -534578580L, 25807924L, -287723374L, 
-1467598496L, 1966366028L, 995644896L, 1502796706L, -1326556248L, 
89873548L, -363973700L, -1454758798L, -1881847824L, 1268196420L, 
1832470616L, 730759226L, 997771376L, -20939204L, -1565759724L, 
958991042L, -1726393632L, -725973892L, 1603652816L, -945237086L, 
-83030488L, 1598292236L, -1487730756L, 1900196146L, -701114176L, 
-669511116L, 1922423496L, 296583866L, -942977904L, 172558060L, 
1878578772L, -1329305966L, -614226144L, -599853108L, 1977247968L, 
1138118338L, 1370412072L, -842916948L, -1194734916L, -1851334158L, 
-7608784L, -267454556L, -1854225992L, -1677190310L, 1390187664L, 
680074108L, 230760212L, -1035150014L, 397152000L, -443106372L, 
1049698128L, -321593054L, 1234086472L, -1406330868L, -1298985892L, 
1264914898L, -2101242368L, -654692012L, -1879203608L, 1215723327L, 
-1369562408L, 2093688566L, 589222147L, -2044579259L, 1491305058L, 
-1638719024L, 684474105L, 1981414443L, 2026077084L, -528518198L, 
-563491649L, 1605332489L, -1209129186L, -705081652L, 1524223645L, 
-1044002009L, -179870384L, -1777316882L, 116012187L, 225550077L, 
-1385175574L, -1554205048L, -819036111L, -1229694301L, 756425380L, 
-357452974L, 992205479L, -472217871L, 585672246L, 1437412052L, 
1135083109L, -1391981457L, 101971624L, -324226042L, 972398899L, 
418381205L, 1984197106L, -50790848L, -1420435543L, 3031579L, 
1860647916L, 1817443322L, -689784785L, 625817657L, -1839494578L, 
1153272476L, 2025164813L, 745983095L, 377539712L, -589042978L, 
-1073669717L, 1082299053L, -211515622L, -1001941032L, -1731193791L, 
184771315L, 2029495572L, 65114274L, 1691585975L, 68108673L, -37734522L, 
-794610236L, 1679951093L, 632245599L, -1905205320L, 614871702L, 
986815651L, -2027096475L, -12004478L, -1821814544L, 695302297L, 
-1538404213L, -515917444L, 2006673322L, 994244575L, 1831744873L, 
970434942L, -546203284L, 1599013309L, -1681042809L, 1035642480L, 
-583086834L, 459649595L, 428693789L, 523398090L, 1992467688L, 
91854801L, 612420035L, -1093233980L, 1881141618L, 74267719L, 
-1840861167L, 1690712470L, -84165388L, -673483131L, -475414577L, 
-313446712L, 537053030L, 629259667L, -1407901963L, -1331642670L, 
-1111709408L, 1160775945L, -1598972357L, -39480436L, -1407503846L, 
-832769393L, -663986727L, -298630546L, 995643900L, 2052408173L, 
18459927L, 1518586080L, -1629327682L, -1261929333L, -373359859L, 
1239518010L, -911350920L, -755224287L, 1512921555L, 1949305076L, 
712034690L, -1329275881L, 1225075425L, -730106842L, 1886966052L, 
-1634364971L, 1150274943L, 2055648280L, 149740342L, 214326723L, 
-1041861627L, 318066594L, 263080848L, -413118663L, 531184619L, 
1869032668L, 1778971914L, -738100225L, 1408450121L, 739650526L, 
