.Random.seed <-
c(403L, 10L, 747888284L, -417125646L, -155563155L, 78820519L, 
402992846L, -797785048L, 124360747L, 79059529L, -718376104L, 
1978891782L, 1544964065L, -2092231309L, -1642955294L, 520958292L, 
-1564360617L, 437750861L, 1948647396L, 1084673482L, -787835851L, 
-1935084913L, -1614369898L, -1453574336L, 1813060099L, -512704479L, 
-1578063088L, -708785938L, 878930073L, 914169131L, 1753601050L, 
-471709988L, 2105814751L, -1723217739L, 1582759500L, -1324719454L, 
-1971492355L, -846322953L, -588430306L, 1123864280L, -2061766085L, 
-1188802599L, -132999832L, 382198934L, -1417338351L, 1785289667L, 
379127762L, -1463569820L, 708071847L, -662294787L, 1341020916L, 
766995930L, -260267739L, 628242495L, 1541486534L, 1384156240L, 
146137203L, -1038060399L, -1378892608L, -1567553890L, -2120418711L, 
-1768260965L, -104433750L, -769874996L, -1723613553L, -870883643L, 
-1457023364L, 1601141458L, -981692851L, 402334471L, -1589131538L, 
-551001144L, 1723978955L, 667389225L, -114213512L, 2051261094L, 
1753769153L, 572732755L, 988000770L, -586568908L, 599640247L, 
764317869L, -1769615932L, 1453047274L, -617586091L, 1345309679L, 
-2105103370L, -713802464L, -681553181L, -545111167L, -1742023184L, 
-1311937394L, -1650224135L, -360304245L, -95097414L, -278137668L, 
775972863L, -407091883L, -727951764L, 307339970L, -1234180835L, 
1307122583L, -843215106L, 1947659448L, 45612699L, 579906809L, 
-964522424L, 638314870L, 1073221809L, -40336157L, -200158286L, 
124988420L, -1787678905L, -991287779L, 329743508L, -37098438L, 
1954350725L, -713427105L, 1653233638L, -798680464L, -1499435629L, 
897423921L, 1744787680L, 996077950L, 1174434825L, -832326597L, 
429660682L, 796828140L, -1433962897L, 1368160677L, -1990983332L, 
1112988978L, -1507965907L, 554613479L, 1423290382L, 2041151976L, 
632112107L, 981212297L, -1580480488L, 1975252806L, -1133501023L, 
-1566360525L, -289680990L, -1933491052L, -664472809L, -2135343859L, 
517979172L, 730909706L, 1880142197L, 638470351L, -1826296874L, 
-1254136960L, -962562109L, 175595873L, 317417424L, 281702190L, 
652251865L, 1518825707L, -1976065702L, -482653412L, -1104691681L, 
-272333195L, 1329312524L, 1113648866L, 1164133309L, 1219458103L, 
1833555678L, -1663950312L, -245846661L, 1590781209L, 1974299048L, 
609213782L, -1378378287L, 366548355L, -599143406L, 1663395748L, 
-1103323289L, 498523325L, -455902156L, -1595813990L, -525530139L, 
1715193727L, -1899202810L, 652820624L, 1794906419L, 467300049L, 
-738190208L, 512986462L, 513458857L, 247631195L, -1127215254L, 
-1247410676L, -194408881L, 303497989L, -1193536580L, -242997614L, 
-1396791923L, -1207372345L, -1976629586L, -567202040L, 91106571L, 
311364585L, -1599066952L, 726346598L, -1404469247L, -1390145901L, 
-1197239998L, -1928184076L, 1322699511L, 1758640877L, -2087209596L, 
-1228342358L, 1305223445L, 1390963631L, 718197686L, 1213442528L, 
-418379485L, 747707969L, 64475440L, 757646158L, -1286968903L, 
1694340043L, 1513883770L, 958232956L, 1476635071L, 328550037L, 
1245994156L, 1078249090L, -1928982947L, -547528240L, -1176806292L, 
1311373620L, 1316679314L, -1472957600L, -242113716L, -925042720L, 
2109896610L, 443447208L, 142429580L, -1306939204L, -172789390L, 
1122495728L, 1463038020L, 711000L, 1862835770L, -580543632L, 
1908643900L, 1098610452L, -1614651966L, 543970016L, -1644155012L, 
-1355817264L, -1795370846L, 1987757096L, -1311554292L, -1026240580L, 
1044738354L, -280383040L, -1802036684L, -552094776L, -1827237702L, 
-1161885296L, -1274091028L, 1483823700L, -582031214L, 2062272288L, 
673165772L, 950502880L, -523807038L, 2099665960L, 2130582188L, 
1411257532L, 33661426L, -1520148176L, -1875338076L, -1569141064L, 
-515789478L, -1124332144L, 280820604L, 652214548L, 1781404482L, 
-1536644352L, 38246332L, -160102576L, -1648184542L, 548828488L, 
-25820660L, 2086164572L, -1311640366L, 1020092928L, -774154924L, 
1702175208L, -1494856710L, 1179521232L, 761302316L, 36389620L, 
1070952850L, 563201120L, -1482945268L, -1087782176L, 1687359842L, 
1925348008L, 1277420108L, -1139742340L, 1327668530L, -1414872976L, 
-1422876860L, -44182056L, 2119900282L, 158518832L, 480023228L, 
1447466836L, 1218933826L, 224681376L, -1865626948L, 1059443152L, 
-975153822L, 867876840L, -1819820084L, 290236156L, -125109774L, 
29356160L, -1050174220L, -1630798200L, -1217253574L, 380975952L, 
35069548L, 1937815700L, 1475733842L, 15881952L, 1918163660L, 
-847105888L, 1325669250L, 1533612776L, 2041017068L, -632697796L, 
-1965626766L, 1592099952L, 657210916L, 1582808120L, -125892582L, 
-830670128L, -263336900L, -2063186796L, -1350198142L, -2097446976L, 
-596070084L, 1600772752L, 984114210L, -190741496L, 766773388L, 
-574245860L, -1871991150L, -803978112L, 1590693908L, 1785322792L, 
1506750010L, 816024784L, 495060076L, 1523524276L, 1419120658L, 
-1690740768L, 2110871500L, -245187104L, 1276343842L, 311255336L, 
1148229900L, 1202947644L, -579309326L, 636494576L, -1055292604L, 
1642189400L, -739550662L, -2002354448L, 960406716L, -794225132L, 
785217730L, 1474787424L, -86092420L, 1102517456L, 1534925858L, 
-521772376L, 1673074572L, -1227755076L, 2085549106L, 482899776L, 
-1558079308L, 583797576L, -1403036998L, -52013296L, 1954980076L, 
-1441086380L, 1191317266L, -334488672L, -963219508L, 640289632L, 
2137116866L, -2059573720L, 1948730796L, 945692476L, 283989874L, 
275884848L, 674705956L, 112318520L, 15721690L, 2104338832L, -632043780L, 
768872340L, 1070779202L, 918430208L, 335993404L, -1131332016L, 
1326578338L, 520756040L, 1476641292L, -1552229156L, 1126140498L, 
2143004800L, -1256535212L, 395631080L, 154467066L, 676628304L, 
-266126292L, 1549534580L, -1150314862L, 235760224L, -1163808116L, 
-1590211744L, 195793634L, 782729384L, 511389900L, 299301372L, 
-1497276494L, 1565165040L, -1754954300L, -1773392040L, 757537658L, 
2061571504L, -1972110916L, -1238017964L, 512912322L, -1008565472L, 
90668988L, 1721166416L, 460611042L, -1334439576L, 432389452L, 
97835260L, 506671858L, -1242872064L, 1746790004L, -980297720L, 
1588783546L, -392738864L, 1107818988L, 1838079892L, -292617643L, 
1491050034L, 2019572736L, -1439117079L, -2069665957L, 497295788L, 
-418315846L, -1761599633L, 1142161657L, -972794482L, -965916580L, 
127232717L, 1553223223L, -359074624L, 1711246238L, -1687324565L, 
-1712875539L, -340903334L, 770153752L, 492628609L, 491771955L, 
157122132L, -703014302L, 1829350647L, 760256321L, 1381094854L, 
-2038003964L, -889171275L, -759476833L, 1666990584L, -806285354L, 
1986923107L, -1153076699L, 1687427522L, 1076534960L, 723936985L, 
1799348299L, -2057699652L, 491367658L, 421116191L, 811198889L, 
-1492496578L, 325589548L, -572528515L, -75801913L, 943039408L, 
-67881522L, 577324795L, -789496483L, -1419561334L, 871617704L, 
-1956769775L, -382025469L, -550818812L, -764550094L, 169217159L, 
46819537L, 1862519382L, 1480954420L, 290658629L, 186418063L, 
902235912L, 1053339942L, 404459987L, 648395573L, -1271891310L, 
194633312L, -1806489655L, 1161172731L, 1277442252L, -334139046L, 
-1913783217L, 490959129L, -1229714642L, -873065156L, -315813203L, 
-907104937L, 625298592L, -1376769538L, -1978305333L, 2052432589L, 
-510902790L, 1455623736L, -1667394591L, 978959507L, 1273730740L, 
588958658L, 1879322583L, 2046115873L, 458819558L, 2122547940L, 
273634837L, 716156479L, 935706072L, -130530314L, 557235203L, 
1459932997L, -2082133150L, 213578960L, -1389371399L, 640434987L, 
-1746818916L, -991451446L, -747995201L, 979593993L, -673528802L, 
-1166406196L, 1071982493L, 1892332071L, -373071792L, 80996590L, 
1751872923L, -2120205315L, 59213546L, -606572152L, 1127472945L, 
-313880669L, 778405796L, 20738642L, -280286809L, -426738191L, 
-518821578L, -2129141292L, 1374865253L, -1108461713L, -88581720L, 
651992838L, -1552430541L, 1845155989L, -1700902670L, 957477184L, 
-1816543575L, -1686395109L, -1475653396L, -2122945286L, -1250425553L, 
371548473L, -1612594354L, 1467734428L, 949973773L, 249279863L, 
