.Random.seed <-
c(403L, 10L, 822959002L, -1543481371L, 947258239L, 1999651590L, 
-1266062192L, 1104813363L, 228817617L, -399171456L, -1779664546L, 
1091301033L, 555956571L, 1198232426L, -845424116L, -511309233L, 
1018668805L, -183996484L, 1952467602L, -557395571L, 839498183L, 
182586030L, 150520584L, 993345803L, -176865303L, 35006648L, -1666932890L, 
-279368703L, -358745453L, 647630146L, 1334444788L, -1916981513L, 
-1986646291L, -231417468L, 814159786L, 434359573L, 2056955823L, 
1408616374L, 80748000L, 1967404323L, -237098431L, -1671396048L, 
244965198L, 1397949881L, -208545845L, -1698124678L, 341241212L, 
-988019265L, -18046315L, -1848745812L, 1381657218L, -1702305187L, 
1342174551L, 1258027070L, 496721016L, 2084841307L, -739040583L, 
2085297928L, -1356941898L, 2024508145L, 476151075L, 435910514L, 
-419990076L, -614257273L, 1870192477L, 213496148L, -510221446L, 
-239013179L, -32525281L, -1864293466L, -760793808L, -1666304045L, 
-837806607L, -429767904L, -1789317698L, 206308809L, 1800485243L, 
805879626L, -1308721236L, -760019281L, 842953829L, -1107225572L, 
-1696417166L, -963805971L, -651262681L, 284512590L, -1067220568L, 
1890891179L, 201019081L, 269612760L, -1572168826L, 1685204577L, 
1705129971L, -985896350L, -1494078252L, 1010306519L, -885413939L, 
-1029647516L, -322046134L, -1348743499L, -163748337L, -1660135658L, 
2129703360L, -2090233469L, 1082951585L, -207067248L, -1522467730L, 
773171737L, 1421546155L, -1026840934L, 1006531164L, -86413473L, 
-2117517003L, -648077108L, 535751202L, -1242495875L, 671423863L, 
1041732254L, -908967592L, -2139301701L, -292444583L, -1277028888L, 
713822230L, -950117487L, -1788402621L, -928801966L, 2026405860L, 
-636592601L, 1495709309L, -1063458956L, 1744591706L, 2058038693L, 
2089355711L, -2047335866L, 273133776L, -878097677L, -896504815L, 
1340267072L, 86097438L, 1428773097L, -675399141L, -38409686L, 
-2037187252L, -2058117361L, -1626144187L, 2134025212L, -2137957806L, 
1470662605L, -77926009L, -194722706L, -918496184L, -1607186869L, 
595803049L, 343519992L, -599255514L, 1564430145L, -1011591981L, 
-46417790L, 2086680244L, 802779703L, 2036234541L, -1974904252L, 
-1030772886L, 271725525L, 1235469679L, 1407893622L, 2079796128L, 
275172451L, 1327937793L, 1523692656L, 925298702L, 115454073L, 
581152779L, 1683636538L, 1828315196L, -985217153L, -395748139L, 
-15679252L, -902907326L, 1259052445L, -1899403241L, -1506742914L, 
-169815240L, -1766896613L, 1066038649L, -685530168L, -1375514634L, 
-715083215L, -1756560285L, 1757670450L, -563353212L, -261992505L, 
-521403747L, 108372500L, -635809606L, 1474329861L, -1337637153L, 
-2012869786L, 1761815280L, -297223661L, -1885039695L, -801178016L, 
-2122568706L, 2041058185L, -1119390533L, 1889972362L, 884331372L, 
-1048291089L, -690982107L, -1878934052L, -1158992974L, 1384534701L, 
-530191769L, -1011336818L, -137474456L, 789863019L, 1283191817L, 
-843404648L, -831418938L, 2037452065L, 99032499L, -931718878L, 
1131270932L, -923546729L, 2089112461L, -211038556L, -1124474742L, 
-1760196875L, -116065969L, 456206076L, 1597800340L, 284926786L, 
-453928448L, -217439684L, -452848048L, 1489506978L, 1929309000L, 
-1106429428L, -1893511972L, 426713682L, -751224704L, -769336492L, 
416494056L, 1254222586L, 11646800L, 1089389612L, 1709938036L, 
1274629778L, -902768032L, 1646891660L, -562558112L, -1190374686L, 
-1882294104L, -1143303988L, 1614393852L, -1035690062L, -624224784L, 
290254276L, 2048354136L, -787817606L, 150748592L, 1253597628L, 
-754069420L, 1857172418L, -2105011424L, 615684028L, -704122288L, 
-1963901470L, 635699560L, 1843506508L, -43724548L, -1474927886L, 
651763456L, 696925812L, 260100104L, -1568104006L, 1537753040L, 
1946081772L, 49158036L, 1276773074L, -674316704L, 1547642188L, 
-2124667616L, -1092171134L, -86812184L, -1228185620L, -701626820L, 
2019161714L, -1420268688L, -1142335196L, 1144705592L, 1358703002L, 
-1048987184L, -1343920708L, 308050068L, -1808460670L, 1650329024L, 
-104617156L, 2080615568L, -167294174L, 1177572872L, -123546356L, 
-1034058340L, 477912594L, -1945818240L, -34209004L, 107118888L, 
1680286778L, 749767632L, -484406676L, 1385546292L, -1917416814L, 
-1883757216L, -1783367348L, -280729632L, 528987554L, -1252162136L, 
-1493530996L, -219128388L, 614858354L, 1573663728L, -2020905404L, 
-1673846696L, -375183302L, 77836400L, -1496803268L, 183124244L, 
-487415102L, 2015946464L, 1384462460L, 1102640848L, 880589218L, 
1059723304L, -1185469684L, -1149998660L, 1785865010L, 1811507904L, 
676564020L, 1970921160L, -1406438214L, 1882961552L, 1962798828L, 
381614676L, 1897276050L, -376248032L, -275574324L, 445473504L, 
-1326776126L, 597879848L, 1228191660L, 2102012604L, -2135671822L, 
66483760L, 1754025892L, 776670648L, 101676890L, 233959568L, 1104948092L, 
-26074860L, 2138900802L, 1402876160L, 1304886716L, 742687056L, 
-904537822L, -57484728L, 1364832268L, -959592868L, -61265454L, 
325604864L, -1834244780L, 791145704L, -887508742L, -329660720L, 
-112039124L, -1829752588L, -13010542L, 886996320L, -1364993012L, 
1093819616L, 794415714L, -544832344L, -724329396L, -1865889924L, 
-57485006L, 818283120L, 1066058564L, -1320819752L, 1092678522L, 
670292016L, -209752132L, -907857324L, 605065282L, -1007087968L, 
1434763964L, -1213568048L, 8748386L, -665235736L, 619605196L, 
-72064516L, 1555086834L, -2019416960L, 804219380L, 2073889416L, 
-155739334L, 1986284880L, -1244656532L, -1234889324L, -2124578734L, 
225893856L, -1337895732L, 831700640L, 954446210L, 495282408L, 
-184055060L, 696657212L, -926740366L, -1106202000L, -1833797084L, 
1127262264L, -1224152806L, -1297062704L, -927454916L, -349842540L, 
-1101232254L, 1270885312L, 1815770684L, 1110548880L, -223152094L, 
818664712L, -1379293044L, -1462128868L, -945924974L, -284699264L, 
2130984980L, 1839515432L, -1669724614L, 781734352L, -1759856276L, 
-1437924428L, -1713993198L, 1783605216L, -676943412L, -646694688L, 
394841122L, 662385448L, -690890228L, -1797508292L, 1517465586L, 
106013424L, 840030788L, 1743257176L, 808302394L, 1911558128L, 
-1080532292L, 620049684L, -567821118L, -2045096758L, 578934760L, 
-1290197807L, -312987453L, 793655236L, -1561799566L, -985952953L, 
1597743377L, 1360626838L, -2141898252L, -628012155L, -360676657L, 
693329864L, 286586470L, -1839048557L, 125519861L, -444177966L, 
718178848L, -262888439L, -193750725L, -1300058996L, -1956493030L, 
1575325583L, -1576595239L, 1876262766L, 1309140732L, 1377469549L, 
-690135017L, -1885046304L, 793675198L, 1147407243L, 167238669L, 
-1056469958L, -1159652232L, -1835845599L, -1633578285L, -1754054156L, 
-233592190L, 1449543447L, 226987489L, -2037751002L, -659161564L, 
1738909909L, 1384220799L, -224178920L, 1613595702L, 1959889603L, 
1599055621L, -470066526L, 1546401936L, -1175164871L, -1611966229L, 
-1666303524L, -1153261558L, 2075377407L, -2073661623L, 1312818398L, 
-1549632884L, -506098083L, -1709050777L, 1215199632L, 1804421550L, 
-1385124773L, -1462358979L, 1422443178L, 65978184L, 1158779761L, 
591394019L, 621083620L, 702409490L, 992814823L, 68137137L, 1396065014L, 
-1636809452L, -427361755L, -455727313L, 296466664L, 397195718L, 
-824559501L, 1856361173L, 1670033586L, 1085920384L, 1972856937L, 
-1226898213L, 1522321452L, -400721862L, -1906731281L, -1179084423L, 
760055310L, -584964132L, -879783859L, 1674728375L, 2013162816L, 
-744649698L, 1540758251L, 831115885L, 600384218L, 940694168L, 
236435713L, 339091123L, -734946860L, 105674978L, -181116553L, 
667697345L, 465411142L, -829668476L, -814992075L, 9204511L, -1448200584L, 
221227862L, 66122211L, 643532709L, -750172606L, 1961897008L, 
-126463911L, -1639965237L, 701673020L, 150696042L, 1944349343L, 
994572073L, -51729474L, 1177975468L, 1527801853L, 447139655L, 
-1459458000L, 1712855374L, -393641605L, 813283037L, -1356091638L, 
-4102616L, -669012335L, 1722984067L, -1155025020L, 390573490L, 
1151927047L, -210749103L, -385867562L, -363745868L, 871672261L, 
