.Random.seed <-
c(403L, 10L, 481778955L, 140781114L, -1176289988L, 172536447L, 
1962260949L, -122193940L, -985396926L, 294229661L, -452017385L, 
-616279426L, 1319723576L, 877786395L, -588905863L, 1793474248L, 
1971238646L, 603660081L, 1085822819L, -249098958L, -1263767932L, 
-185562425L, -2039682659L, -732627692L, -94448710L, -1002916347L, 
-972392481L, -903721370L, -357279248L, 864335635L, 1060763825L, 
1551543136L, -1465558786L, 845056137L, -810281029L, -1735913078L, 
893780076L, -558669329L, -1676854747L, 1384337116L, -577559374L, 
-2005899347L, 1842928487L, -2084243314L, 787166568L, 81438059L, 
249906953L, -911099496L, -1906351930L, -1128578527L, -1935258957L, 
-1100154846L, -1870806508L, 253134487L, 1693079693L, -1092944476L, 
-355287158L, -1077433355L, 498745935L, 254670166L, 682389504L, 
1448317251L, -2144723743L, -1230113200L, 964725422L, -449376679L, 
-717777301L, 1900977114L, 69135516L, -943364449L, 1920298229L, 
312774028L, -1514874782L, -446990275L, -1650752841L, -1681618594L, 
616534168L, 1717591035L, 1096206745L, -1905706456L, 2132089558L, 
852692817L, -303803901L, 1382360466L, 675259172L, -1650166297L, 
917914173L, -1811120972L, -426656998L, -243150747L, -1925768961L, 
1070094726L, 329789200L, -1095976013L, 737933393L, -624940032L, 
642591966L, -2032992471L, 1099997915L, -192112150L, 787964300L, 
-2080061745L, -1056171387L, -338349764L, 138746898L, -2108640499L, 
2124693575L, 521187886L, -848331896L, 2048726667L, 992094313L, 
-1198771144L, 2038445286L, -1528923007L, 1438948371L, -1390183486L, 
-172440460L, 2013461111L, 2097226605L, -1825803260L, -55464150L, 
1125756053L, -123622609L, -662095306L, -688964000L, 148249763L, 
121337793L, 1990706096L, 323462862L, -1080314823L, 2103216715L, 
105865210L, 1555282684L, 1674448703L, -1552998379L, 1549955884L, 
1752242178L, -1875795235L, -2052470313L, 184812734L, -1265795336L, 
-607621925L, 1404301113L, -1006253432L, -606458314L, -1426629007L, 
-1777533789L, 586724850L, 746878276L, -1787087353L, -995724323L, 
188734676L, 1689568250L, 366162757L, -1211013217L, 1772367142L, 
-1502775888L, -1801998765L, -2025379471L, -1849081696L, 1259933758L, 
405681993L, -414245381L, -2062564918L, -739152084L, 1268207407L, 
-1480999451L, 399048860L, 972236018L, -1636967059L, 1934142119L, 
1202144462L, 322088L, -1196082645L, -1032482743L, 473977176L, 
806684678L, -1598260767L, -1880587405L, 1086707682L, -601129132L, 
-1270107561L, -1525128627L, 2128971236L, 1828478922L, -633085387L, 
1028155535L, 820877718L, 241902912L, 1034237955L, 1514187297L, 
1200336144L, -1003068690L, 940244633L, -690700501L, -970638822L, 
-1149589284L, -2022415137L, 170287797L, 1826960460L, 719653026L, 
-159791107L, -1561643785L, 597615134L, 1746984152L, 1309155387L, 
1527802329L, -1967190168L, -1559510378L, 1829243921L, 1482579395L, 
495903186L, 1595336804L, -954480729L, 1591986429L, 1332780276L, 
-77202470L, -225816795L, 1137677887L, 537320902L, -1290110384L, 
-1153042829L, 371980945L, -1824374080L, -1529518946L, 1498368105L, 
-178740069L, -1414095446L, -772190772L, 1708636658L, -765618560L, 
-1304115724L, -2035522936L, 463877946L, 1386569552L, -618095508L, 
-46797420L, -554083246L, 904587744L, 123974860L, -703217504L, 
-124294782L, -1364936472L, 1162228460L, -85805764L, 106560626L, 
190407792L, -59069404L, 1401143352L, -1988650214L, 1024384208L, 
-825832644L, 849377172L, -609202302L, 678569408L, -831376836L, 
-660231792L, 145631778L, -1985344248L, -263431540L, -1585543396L, 
-1139384174L, 298787200L, 793543188L, 1647919912L, -518027718L, 
-1675179568L, -1530014356L, 609559476L, 1306086418L, 1470132704L, 
379749324L, -635207456L, 2025527330L, 590048552L, -778242548L, 
1352790844L, -1478327310L, 1256865520L, -1117947324L, -1832804776L, 
1314435898L, 1428439536L, -1327227204L, 65785108L, 1847951042L, 
-1090068384L, 240011132L, -1742169136L, -1572565726L, 1846666920L, 
275598220L, 1533795516L, -1124223182L, -1281289664L, 189270196L, 
144665160L, 1033956794L, -1921732080L, -1405059348L, 2009029972L, 
-1201724142L, 544119200L, 2059599564L, -2009631136L, 243737538L, 
691782440L, 1928862636L, -628302020L, -1099453070L, -75440336L, 
762651940L, 265784120L, 872791770L, 1206186896L, -27313412L, 
861262740L, -1254866878L, -1205059328L, 1673589820L, 367048016L, 
1460277410L, 2092334408L, 1307310860L, 1522021084L, 1291010386L, 
42991744L, 1276017748L, 416590824L, -1897151238L, 329588560L, 
68988716L, 1047833972L, 1189646226L, -1912783776L, -1539406452L, 
-578340000L, 297412066L, 7955368L, 1038151884L, 1380711420L, 
27251122L, 159686128L, -696717372L, -272588456L, 1869317498L, 
97120176L, -1959127620L, -672852908L, -1605163070L, 432957472L, 
-5674820L, -414837168L, 886484962L, -297949080L, 25681996L, 681317628L, 
1755789298L, -1078608640L, 1592694132L, -178894840L, -386206790L, 
-217864752L, 2060128236L, 1125330324L, -854599214L, -102981280L, 
-1891755188L, 1380337952L, 902768514L, 768886504L, -116330260L, 
2069915708L, -567652494L, -905929104L, 2087312420L, 87623480L, 
-1081830246L, -707812656L, 925796540L, -1619175788L, -39207294L, 
-1371158336L, -1995710660L, 1542762640L, -1654032862L, 965573640L, 
1660886284L, -936338276L, -430788078L, 177914752L, -1021413868L, 
-1637288408L, -1869423302L, -867740208L, 1018359916L, 1698964788L, 
2123678354L, -1403988128L, 1854492492L, 1066012640L, -885421150L, 
-1375687768L, 1858230668L, 1252951228L, -2140491406L, -536842000L, 
-686456764L, 1580535128L, -516906438L, -1053679760L, 1289382972L, 
1618627348L, 2078954946L, -1548626208L, 1491006332L, -451669296L, 
1916785826L, -1199249368L, -705541876L, -47066180L, -998177486L, 
471843264L, -1822395852L, 1274791880L, 651355322L, -985622128L, 
1224335852L, 1564261972L, -1508840302L, -1701299424L, 2028757452L, 
-2120090144L, 633499330L, 1813033000L, -1489379668L, -137809732L, 
1218942450L, -874078928L, 406242468L, 500884152L, 69990746L, 
-670822000L, -1656844420L, 994846996L, 1320496962L, -115306752L, 
-1710906436L, 1144208208L, 730255138L, 795600200L, -439106036L, 
-1956356004L, -428377902L, 1433548288L, -2034943660L, -1033757547L, 
-1084172865L, 854882648L, -1143261322L, -549108349L, 599080901L, 
1035584738L, -630636208L, 1630642297L, 1831887787L, -734361316L, 
-1567424950L, 1291229759L, -1749168503L, -1500956002L, -736131252L, 
-242196707L, 1494507175L, 1809716688L, 384159086L, 1589846043L, 
1476432253L, 1675396970L, 338739720L, 1913562801L, 1995546915L, 
914977316L, -1661151022L, -435908313L, -1701700751L, 985909686L, 
-2104401580L, 957079525L, 1335802351L, -221806296L, 591681926L, 
505415091L, -956249835L, 1375271794L, 1232885696L, -1388193751L, 
412210331L, -636882580L, -39765638L, -1593386321L, 1497780665L, 
445225934L, 870572828L, 405977741L, 1860821751L, 18826752L, -525311906L, 
-1167803605L, 206354477L, 1316085914L, 1193256024L, -1116675135L, 
-1966568333L, -1432717932L, -432010206L, 1512491831L, 1240174081L, 
-1441095930L, 1377497924L, 1526597237L, -1076062241L, -1213420744L, 
1724210454L, -1899740893L, -549713179L, 2078098178L, 614484336L, 
425419033L, 1607319819L, -97263108L, -1561855446L, -1142584737L, 
1689967081L, -1836084482L, -522839316L, 1005906493L, -726087161L, 
-900833808L, 2004667790L, -143010885L, 2071088541L, 222188362L, 
56829800L, 928123217L, -327833021L, -1291940028L, 838902770L, 
-398919225L, 297054097L, -701262058L, 1669620596L, -488564219L, 
681380431L, -1244928440L, 49154022L, 1881475347L, 2015467125L, 
-2144752558L, 1046292128L, -1764588663L, -1610178629L, 10051596L, 
-6582886L, -1242452721L, 1889039193L, -940601874L, 318285948L, 
-1497350931L, 1890679703L, 1010033760L, -688044482L, -723824885L, 
1667921293L, 1210465978L, -576631560L, 817638049L, 691825235L, 
419370356L, -399639806L, -1408095337L, -1377763999L, -233251418L, 
1914789796L, -529577387L, -252077313L, -1041965160L, -2078527306L, 
1215305027L, -219753339L, -15618782L, 1378350608L, 100275641L, 
-36034965L, 1125521756L, 357920906L, -1321510785L, 1154308553L, 
