.Random.seed <-
c(403L, 10L, 2119514398L, -1637661736L, -610106053L, -1061616935L, 
-1530380696L, -1404362858L, -1281029359L, -1581726525L, -1759056686L, 
172898660L, 1644625063L, -118029827L, 2132110324L, -1056758566L, 
-688708059L, 791788351L, 1575622854L, -271952560L, -589570701L, 
1177733009L, 957733312L, -60286050L, 1111139689L, -675390053L, 
-221552470L, 1644953292L, -1474584689L, -439653435L, -1196601476L, 
1405743058L, -571130035L, -1862533625L, -1149813266L, -1537693496L, 
-1997133877L, -2016939479L, -608612232L, -942346842L, -285681727L, 
1660841043L, 1879130882L, 398755380L, -1383529545L, 144974765L, 
-1925134140L, 103918826L, -13769899L, 873313519L, 1142987510L, 
-1158519264L, -116810781L, -2070982527L, -550539536L, -862954098L, 
-382987527L, -546828149L, -2041751366L, 1799400380L, 1055969535L, 
-1874922411L, 846569324L, 906063810L, 1413408797L, 1089968279L, 
-715815426L, -1072523848L, 2041084315L, -1375993863L, -809900216L, 
43795062L, -1180886095L, -537991709L, -1034708302L, 625596164L, 
-976196537L, 1990707997L, 1761030548L, -1720650438L, 962234757L, 
479423071L, -34632474L, -684867728L, 664649875L, 966167857L, 
798587872L, -197506946L, 2037658377L, -498707141L, -1434703606L, 
972052716L, 677127535L, 1428638373L, -2076916644L, 137200690L, 
-1652096211L, 174815719L, -1496439538L, -1077708056L, -584813333L, 
-528396919L, 1252601112L, 855633990L, 709531809L, -1297522893L, 
3223202L, -1914307180L, 441181207L, 656057357L, 1770254628L, 
-1671144182L, 911277173L, -1774938161L, -1825097514L, 174053504L, 
1128474307L, 1686573153L, -110051120L, 796539438L, -619263015L, 
-173435925L, 825700954L, -1916181476L, 851255583L, 989090165L, 
-1985130484L, 259725794L, 1294729917L, -709771977L, 79389150L, 
1845192472L, -1058099589L, -942752743L, -27030360L, 2113496662L, 
-1862434095L, -1934986621L, 741288210L, -1641706332L, -688718745L, 
-1451035203L, 950675252L, -454896486L, 39754469L, 1099826303L, 
-436822522L, 1500416400L, 924161075L, 1054604241L, -1401228928L, 
-883155874L, 1440291753L, 790962779L, 457651818L, 513776396L, 
905678159L, 658429445L, -1492624196L, 2144411026L, 1961268877L, 
-631886649L, -307721810L, -1570884600L, 1218684939L, 584154345L, 
219290552L, -2012019610L, -327408383L, -495246445L, 850306114L, 
1309228020L, -1040960009L, -213513747L, -1894708604L, -418075478L, 
-2103772651L, 766731951L, 1900512438L, 249025248L, 524430883L, 
-479284927L, -24425424L, 1679029838L, 1406010041L, 1013451L, 
-1891528838L, -10078596L, -1249545537L, 498439061L, -1102408788L, 
-1064396414L, -60268707L, -701402537L, 2062956862L, -1852368520L, 
-620760485L, 1215092153L, 107194376L, -1384260938L, -454012431L, 
-1822799837L, 158140530L, 1082776260L, 118008967L, 824598621L, 
-1146263980L, 981009530L, 2101227461L, -2068221665L, -1744494426L, 
-559889872L, -380356397L, 1914517233L, -1999563232L, -1070694210L, 
272467145L, 114454139L, -164537270L, 433333420L, 1444119471L, 
-1308154011L, -769524452L, 286573938L, 842436077L, 571327015L, 
-144059826L, 1173083816L, -1531974485L, -932590816L, -1455177268L, 
1327307744L, -1212967230L, 215512616L, -1569345876L, 583034556L, 
-804036110L, 1831442736L, 2100603044L, -2092746056L, -2094571686L, 
-11756144L, -1402237572L, 417911060L, 305630530L, -505916672L, 
-1512141892L, 1160188752L, 1795933474L, -1100994232L, -92247028L, 
-687981476L, -2093570862L, 878871552L, 2080106324L, 1631197672L, 
-1706304518L, 1922738896L, 625485100L, 1287781620L, -1924078702L, 
845401184L, -1290118900L, 693639904L, -414292638L, 1620448936L, 
-799359412L, 483816316L, 1914158898L, -682442128L, 369004868L, 
1738852312L, 943703162L, 725477936L, 495742652L, 973975380L, 
1787166274L, -1263288416L, -146121540L, 1914565072L, -1750433438L, 
351487976L, -1253729332L, 1101512444L, -1272470542L, 825046144L, 
827760884L, -1434857336L, -2025492166L, -1302178992L, 41115756L, 
-723108716L, 632857938L, 671171296L, -2014270260L, -433705824L, 
-1804808830L, 682622184L, 978849004L, 1532979260L, -1351418766L, 
1753676912L, 1206428196L, 1065727544L, 1283375642L, -1615391536L, 
-870005188L, -1369960300L, 813833346L, 117791680L, -1264332484L, 
-597598576L, 1800516642L, -703569912L, -58383220L, -2034760676L, 
-1403596654L, 1826161792L, 1974045716L, -1175668952L, 585807930L, 
182462672L, 542386284L, 117604020L, 1395330066L, 190215136L, 
-433511476L, 1148776928L, -545380318L, -822573784L, 762532108L, 
-1168784836L, -1679349518L, -560845584L, -1023846588L, -97383336L, 
2127128122L, -2127752976L, -650926404L, -710245868L, -1046926142L, 
160758368L, 500998524L, -516035376L, 946743330L, 379061416L, 
1663783308L, 1766986172L, -1912669134L, -1766582464L, -806481228L, 
-1694687928L, 137864890L, 49550096L, 130005228L, -1231807404L, 
-1153729774L, -1964614240L, 2042378188L, 1961648992L, -801076030L, 
1633157672L, 845819308L, 909949756L, -1792630926L, -20488400L, 
-365808604L, 740782648L, -614799654L, -490187888L, -937965316L, 
-733429356L, 417796930L, 980195840L, 1928188988L, -813524400L, 
915158178L, 1178515272L, -127148532L, -1777897764L, 1150636114L, 
-430882688L, 477457236L, -664939544L, 1737966330L, 1197256528L, 
514846764L, -543481484L, -93584750L, 98980448L, -1850010484L, 
-2146523808L, 685697250L, -116150104L, -1432925492L, 1609512444L, 
-946315342L, -1958803472L, 1039640004L, 2011273560L, -495454854L, 
1567118768L, -1002227268L, 1331219028L, 50130370L, -1870980320L, 
430820284L, -551459760L, -1297068062L, 1184945000L, 1712162636L, 
-438752516L, 799603442L, 1640632576L, -1284082572L, 317360648L, 
578771386L, 1284860368L, -1806038036L, 1769355156L, -110371630L, 
-687798176L, -1170681524L, 852932384L, 253975170L, -346183192L, 
-1518963732L, 263376444L, -343643534L, -476762256L, 1739882788L, 
-72552904L, 386604442L, 2100430288L, 802316732L, -1878584684L, 
-1714133374L, 1931899328L, -1745653956L, 1418438288L, 777515810L, 
1751549448L, -1818233076L, -153626724L, 1461374994L, 49095552L, 
1222070036L, -118052568L, -2039173062L, 1035356112L, 199576172L, 
-840164300L, 16090258L, 226340192L, 1635291468L, 1910274528L, 
-1384912565L, 475828156L, 1254639594L, 858394655L, 1339070121L, 
964577854L, 2130679596L, 420680061L, 1681854407L, -410749264L, 
-2074102578L, 1774190075L, -1837029795L, 1769402762L, 1007995304L, 
-924686575L, -1849723389L, 1487597828L, 498844978L, -253766777L, 
-1681907247L, 1772583766L, -1378987724L, 1384378437L, 1015904399L, 
-159590904L, 591133222L, 346131155L, 2055494709L, -1233468526L, 
1908040544L, 1995775689L, 1834516987L, 958131660L, 1591049306L, 
795500879L, 444178457L, 499074606L, 1269050428L, -1615623763L, 
-529823145L, -447093856L, 2004076798L, -1776976949L, 1530961357L, 
-1358352134L, 1045623608L, -940101407L, -1984715885L, 1492830132L, 
630291650L, 90886359L, 273296673L, 836934886L, 1805973988L, 2071672085L, 
2091306303L, -2032492328L, -1001897738L, 1288231683L, -1011291067L, 
-577780638L, -541920304L, -1945863943L, 1065243179L, 194895260L, 
-1460017718L, 1119671999L, 1974556681L, -1483028194L, 1210043596L, 
778963101L, 996633895L, -1346773168L, 495145454L, -1806305637L, 
-465610499L, 823934954L, -1724815224L, -1692387791L, 300216483L, 
1583752356L, -246561454L, -29716313L, -659520271L, 1660720182L, 
-195035948L, 1903296613L, 340429423L, -134503256L, -532667898L, 
-602488013L, 869775253L, -1162177550L, 1577625664L, -72402519L, 
1592203291L, 1923851756L, 385906170L, 1009222191L, -1562825159L, 
-2083702706L, -1170014052L, 2119459341L, -154575241L, 1935898240L, 
-2048256802L, -703486037L, -1411962707L, 396610842L, -777197096L, 
1626878529L, 1900226803L, -909375724L, -317395294L, -183621705L, 
1048212353L, -1901305466L, 135828420L, 657776373L, -253318305L, 
1225495992L, -1906053994L, -699211101L, 2142602341L, -1491390078L, 
-786584848L, 2080530073L, -1921514869L, -1553538180L, 401601962L, 
102383071L, 1373424489L, -894637186L, 844890988L, 791775165L, 
-583682937L, 940345456L, 1766970126L, 1161199675L, -1038651619L, 
