.Random.seed <-
c(403L, 10L, -729920200L, -796956133L, -184126599L, -845118008L, 
1378253302L, -1642058703L, 1049341539L, -1167936974L, -1880817788L, 
-1225650745L, 1795081373L, 311624724L, -278256966L, 1136829189L, 
410720479L, 864289126L, -1070889744L, -660910061L, 1901827505L, 
702722144L, 831544830L, 1111738761L, -1773297989L, 1626528394L, 
-1172175508L, 1327882991L, -122438363L, -699782180L, -726160974L, 
1302743213L, 1445066855L, 2008928142L, -358360984L, 888620139L, 
1964150281L, -141913960L, 336837574L, -857084127L, 1043774387L, 
739734306L, 1116275988L, -1006467689L, -1917117043L, 233421988L, 
1485676170L, 125179125L, 1482156879L, 2081395798L, -1880992000L, 
-738921917L, -1044018719L, 1619332432L, -293018706L, -718159527L, 
-1130258581L, -1892430118L, -986562660L, -1551015009L, -1923560971L, 
1496575116L, -1244121758L, -958559939L, -65347145L, -382794146L, 
-1774219368L, 905920251L, 1873720985L, -1466065112L, -2002856490L, 
584653393L, 1088852227L, -2027582318L, -1030241756L, 1046756583L, 
1512059197L, 68330932L, -2115085798L, 429138277L, -1661374465L, 
-1813281146L, -1465106928L, 334628019L, -154861743L, -2128825600L, 
1458112990L, 2054869545L, 1064485339L, -1146261782L, -1513907060L, 
1557398479L, 602831749L, 765114428L, -1524647662L, -595661299L, 
1734876487L, -1142851794L, 2046216840L, -604800117L, -1737680023L, 
318199096L, 1886451686L, 1654919041L, 1575888659L, -1624706878L, 
2047970164L, 1985066871L, 1739804781L, 2108862212L, 1624141354L, 
1813857173L, 427051055L, 307806518L, 174842208L, -1402437725L, 
-1583363903L, 2098264240L, -632092722L, 73669433L, 1120629579L, 
1457563898L, 49934844L, 732320319L, -984205547L, -884751316L, 
2033138946L, -1990732323L, 256222423L, -947220546L, -1122784776L, 
1261407707L, -394353607L, 1004520840L, -782905034L, -1774425231L, 
-1202140765L, -907660046L, 1481631812L, -1422554361L, 169249501L, 
-2072603692L, 1643844346L, -150206907L, 302538399L, 2018550822L, 
-798355280L, 510019923L, 1014453361L, -82015840L, -76544706L, 
1011958857L, -1832054533L, -1436706614L, 1109311020L, 1970242095L, 
-1248838939L, 1535909788L, -75253262L, 1373820013L, 1628173735L, 
-1223729202L, 1752317224L, 1536040747L, 989283657L, 1783622232L, 
-1381489914L, 1876725473L, 1143130739L, 619999970L, -1180602796L, 
1457747799L, -299037875L, -2032501020L, -1038369078L, 1579155253L, 
-358484593L, -1780632938L, -355087808L, -439559421L, 1304898337L, 
-813315056L, 283376622L, 1202793369L, -686394325L, 512291098L, 
1703248860L, 1205727L, -114028107L, -1924776116L, 672142754L, 
1549956349L, -1643259401L, 379164446L, -1676924456L, -1159101637L, 
-1335647015L, 1287366760L, -1008943722L, -1952389871L, 711263939L, 
1594541778L, -167149724L, 505758375L, 1470360573L, 1662787060L, 
-1145423142L, -1880097755L, 1453994303L, -353524026L, 1539861328L, 
258855795L, 1443005841L, -839579712L, -1521520226L, -298239127L, 
1058074523L, 1810732714L, -593780532L, -1714069105L, 137016773L, 
2092358012L, 352938450L, -1370761907L, -1699919865L, 160409582L, 
-1126445368L, -645455413L, -2082335703L, -516136756L, 2034231968L, 
-240244350L, 1992469736L, 1091089132L, 13265212L, 864461938L, 
1148120688L, -462027228L, 990230584L, 577013018L, -1308958512L, 
-1438966468L, -1157251180L, 1394634626L, -1641545792L, -293075396L, 
1760819600L, 1841370146L, -1324664568L, 1519473804L, -1651891428L, 
-1023932270L, -1647822464L, -1538884588L, -1137373400L, -135858630L, 
679354832L, -280596116L, -182118476L, 2116251154L, -1398926368L, 
-144747060L, -907201312L, 1645101090L, 1748395816L, 1501488652L, 
2042626876L, 454628338L, -269890832L, 1543596612L, 1295124056L, 
-955111622L, -925416464L, 1906235068L, -1188088556L, 1773670594L, 
-847725472L, -1908893316L, 1842603984L, -1340258014L, -728564056L, 
-720262260L, 112397500L, -1965203662L, 1849225792L, -1878104908L, 
1469830216L, -1556653638L, -373109232L, -296535828L, 1951213908L, 
-833632494L, 2012013984L, -233551156L, -1718499744L, 326725570L, 
2041086760L, -527131220L, -1514827460L, 672714610L, 1120100656L, 
-1584759004L, -117058248L, 1455553242L, -1995958384L, -1100942596L, 
-869630060L, -1170540478L, 1542532352L, -628044740L, -809722544L, 
-1001953118L, 1646200648L, 407688972L, -1501267236L, 1644479314L, 
982262400L, -1645639596L, -1270539288L, 1299650298L, -59168432L, 
-743693524L, 60028788L, 1044698002L, 484357728L, 1833770892L, 
2076509024L, -674732062L, -1600311384L, 1019313356L, -2100613636L, 
283839410L, 455715312L, 296708548L, -1286114984L, 222078330L, 
-1117097552L, 1327566780L, -651284396L, 1855325122L, -1028742112L, 
1306397884L, 587164240L, -889663518L, -1609025944L, -1568552372L, 
-542342916L, 602288114L, -1272333056L, 1449154420L, -2119589880L, 
-1152854598L, 1621499344L, 1186481132L, 217046932L, 584068050L, 
1988753248L, -1886710452L, -1866498784L, -1490087038L, -1062671640L, 
-1436879636L, 2060696124L, -209134734L, 1233791600L, 2023229476L, 
295614264L, 787037338L, 1312010960L, 1452957884L, 270050964L, 
1800423042L, -1648763712L, -799289028L, -1219043184L, 1933072930L, 
911185416L, -541322996L, -1912782180L, -840704494L, 1421061504L, 
803843604L, -2038045144L, -2065967814L, -967260208L, -2048851348L, 
-52484300L, 1737527954L, 2078521696L, 517751116L, -521658400L, 
459263906L, -1095272536L, -446219380L, -1672767812L, 566877042L, 
-1545180944L, -646588348L, -2108727976L, -850394054L, 1270326128L, 
-351574980L, -1618699500L, -1349449278L, 1837363424L, -1521899652L, 
600829648L, 2059437730L, 888529960L, 1138641164L, -471456836L, 
-334484174L, -1472929856L, 405525044L, -1984787512L, -78084934L, 
1574612880L, 2035369452L, -138051500L, -548958574L, -1446233312L, 
-1813692980L, 73346016L, -1575595326L, -375166424L, -498999636L, 
1592013500L, 193405426L, -1018844880L, -1238885212L, -1214229832L, 
1693969242L, -455037552L, -711745156L, 2033736980L, 768788802L, 
253707008L, 69835708L, -1536128176L, 928932130L, 122588488L, 
-1080240116L, 1402779740L, 1630475474L, -962410496L, -1347368108L, 
420360680L, 434530298L, -1672550704L, 961959212L, 739891444L, 
-1711073390L, -694875040L, -1611707124L, 521004768L, -1872237214L, 
285777948L, 2115628874L, 1158612799L, 2055469449L, -1358411362L, 
165904460L, -900429283L, 1136551847L, 1605106384L, 2127694958L, 
-313134309L, -1278808963L, 273957482L, -336858360L, -1082418255L, 
-1388491741L, 1290216740L, 13238738L, -729775577L, -1989374863L, 
-416968010L, -1370456492L, 571597541L, -1200578833L, 25393704L, 
-1512206714L, 563996851L, 1168989717L, 1506906226L, -1101407040L, 
-1281617623L, -1875212389L, 1367851116L, -1728564102L, -998916689L, 
1604517049L, -1459509554L, 93996060L, -216647795L, -1781046793L, 
-1192454912L, 1215636318L, 1707435051L, -1924039891L, -559044710L, 
-1048398504L, -2112931647L, -1166694541L, 230788244L, 332364066L, 
653944887L, -1415874303L, 1916218374L, 1569991236L, 832119669L, 
71624415L, 1845576248L, 1838336534L, 873070115L, -569935387L, 
1559971842L, 769704560L, 1193109529L, 1014047243L, 1933273340L, 
-1266182870L, -636179617L, 97483497L, 422502910L, -173281812L, 
-1065288387L, 1260979463L, 75678960L, -291096434L, -523971909L, 
-1100256611L, 1115262538L, -282987416L, 1365552209L, 99694403L, 
573903428L, -1164246798L, 739486919L, 263091857L, -889370602L, 
-587615628L, -107068155L, 149896015L, 1067128136L, -156759834L, 
-1599971821L, -269999755L, 1511454034L, 387978656L, -30866295L, 
2028151995L, -858056948L, 1695612570L, 1140638735L, -1713749927L, 
-1961022226L, -232151172L, -116206611L, 1194728599L, -1616468128L, 
-850559170L, -1882546165L, -1296717683L, -72371782L, -1998954504L, 
-846488671L, -65989293L, -132101004L, 519675394L, 867938455L, 
-1510784415L, 502274726L, -957955420L, -222099627L, -2121266177L, 
-1536583016L, -1050017866L, 1558656067L, 484928901L, -591350238L, 
898985232L, -1894957895L, 650510699L, 51523676L, -1866498678L, 
2123663743L, -1844046647L, 11037022L, 2076297740L, 1361456605L, 
