.Random.seed <-
c(403L, 10L, -1694802571L, 1298533583L, -650485802L, -596484224L, 
-1029844029L, -689318559L, -1256412208L, 910248750L, -522307879L, 
-703011605L, -2070108838L, 2009323292L, -790752737L, -1269747083L, 
409337612L, -2083786014L, -737744963L, 1804623927L, -435508514L, 
232756760L, -1510688389L, 1153610009L, -238625368L, 739377494L, 
114557393L, 1269514627L, -1189625838L, 1658663844L, -1496366233L, 
879220925L, 488775732L, -1495878758L, 294207461L, 1949404031L, 
450231046L, -481790832L, 792216883L, -82664751L, 1704077440L, 
-188624546L, -801446231L, -1658924709L, -200787094L, 1850159628L, 
-725921201L, -1910112507L, 504526780L, 2012263058L, -1567819379L, 
658170311L, -1360952658L, 1537411848L, -41731829L, 560269289L, 
2020794552L, -1803892890L, 1219683329L, -1656827245L, 1239151938L, 
-1604953356L, -2063030537L, 1141303021L, -854003324L, -427393110L, 
1140983061L, 249311151L, -137011274L, -636664352L, 1974394147L, 
-913247679L, -1922589392L, 256915278L, 989420985L, -2097020981L, 
1982215290L, 906765692L, 1711750591L, -1390249323L, -2084542292L, 
887321218L, -284607907L, -893506217L, 1460228158L, 981836920L, 
2071261019L, -1484318023L, 214578952L, 1121127862L, -735685903L, 
560829731L, -1005596814L, 581770692L, 2040505735L, 960522077L, 
823896404L, -1732564102L, -2113762619L, 698358815L, 1426959270L, 
191114544L, -232779821L, -1134166543L, 1277512480L, -46045762L, 
976641481L, -64061061L, -1783150774L, 558651308L, 1724669615L, 
1555160165L, 204540956L, 1537090162L, -1994812179L, 160140583L, 
1163606350L, 609671592L, 1410358699L, -1671629111L, -1774915880L, 
-1405783162L, 2019714657L, 1546739699L, 1457508962L, 1172710612L, 
-1405794857L, 412463053L, 735357796L, -1899761846L, 1316075189L, 
-1000133105L, 1126432534L, -1676301888L, 1414150531L, -1157120095L, 
-76189808L, 393237614L, -857923047L, 914385579L, 337833626L, 
1439459932L, -487573665L, -924726987L, -1695340340L, -1776889310L, 
-1566946179L, 94549367L, -303170914L, -1055155880L, -1883021125L, 
1161600601L, 402353640L, -1148995562L, 1999766417L, -2122404797L, 
861340498L, -1332475932L, 128551L, 2049658493L, 499969908L, -1664908454L, 
81032613L, 1453306303L, -693323194L, -2139924272L, -1996967181L, 
1477780497L, 295645760L, 1564288542L, -1601212183L, -361393637L, 
-455577046L, 559945036L, 1798665999L, 307444293L, -371921924L, 
-877628846L, -2017013811L, -40384121L, 106216558L, -754088888L, 
1233657419L, -1207757911L, -1569940744L, -2071695834L, 610699073L, 
-2043458349L, -1640345470L, 1078472372L, -1761949129L, -1036136147L, 
1474781764L, 1555906410L, -1727231019L, -37106321L, 180779126L, 
1101534112L, 1928135779L, -773091071L, -1786471312L, 777918478L, 
-403904391L, 811853835L, 1274792250L, 1313691708L, 1946062719L, 
-1691040555L, 781375724L, -466742718L, -885508707L, -1715654633L, 
-1312987778L, 1096923960L, -1250098149L, -435626631L, 1211149256L, 
2055288822L, -1078224335L, 430738531L, 1546613810L, -190836348L, 
136222663L, -1424123235L, 1450338836L, -511211334L, 1326535941L, 
-189301025L, -270630042L, 1315442196L, 2034401474L, 1751064672L, 
-560812676L, 920665296L, -1437709278L, 1112881832L, 1288028044L, 
1750112700L, -509180878L, 1923319616L, 58316980L, 849654600L, 
-1030403398L, -1893003504L, -1014712084L, 1564562516L, 2117449490L, 
1742549920L, 615292876L, 1854843744L, 1041653954L, 337724968L, 
1879774636L, -990064836L, 1443585906L, 1503884080L, 1763549732L, 
2111828024L, 479136986L, -309804656L, -2142456068L, -914157676L, 
1141498690L, -512828928L, -649780676L, -151923120L, -1239149918L, 
-1330726072L, -1168238068L, 396930268L, -966708654L, 1274660992L, 
259865428L, 452530664L, -419468550L, -1581394096L, 138322988L, 
510236020L, 687300242L, 1848097376L, 1962824332L, 1616636768L, 
871609058L, -1617831768L, -182169396L, -811122180L, -1321074766L, 
-728656400L, -19550780L, 1181382488L, 731241338L, 1150270896L, 
-1972993604L, -970842028L, 1785426882L, 2083414816L, -847390788L, 
-498486704L, -846287390L, 583004520L, 329960780L, -832593668L, 
-1088519438L, -723341568L, 441974388L, -1246085112L, -246533702L, 
1466978256L, 1087064556L, 2091624340L, -786918702L, -1782055328L, 
288433484L, -1993128672L, -355456382L, -1715660312L, 430538732L, 
639157820L, 1596966514L, 1370467184L, 678570276L, -539254216L, 
878664090L, -17860144L, -2115869252L, 1061165204L, 470643842L, 
-1093884480L, 1670548284L, 315960464L, -1739629790L, -1839286776L, 
-586947316L, -1790773860L, -83382766L, 242465664L, 147313428L, 
-1595248344L, 1769227322L, -445682736L, 773298796L, 95343156L, 
699882130L, -483236512L, 53631308L, -336451616L, -1128352350L, 
1497052584L, -600975732L, -934445636L, 1061473906L, -1596099600L, 
2061004356L, 738652248L, 541947962L, -1840291728L, -1041426372L, 
-1780866796L, -1991925054L, -1812371744L, -291620740L, -1398491440L, 
-316655198L, 655009832L, 1045564172L, 454412732L, 1185452850L, 
-1841300800L, 2012834868L, 1741287112L, -137120582L, 1789286032L, 
-469213460L, 1207552596L, 1329509010L, 131643680L, -532495924L, 
5546720L, 1816096962L, -1221776344L, -513370196L, -1298720068L, 
-1277539342L, -2279888L, -1869004892L, -675803720L, 707217242L, 
-75165552L, -1689355396L, -407674604L, 229734722L, 571261184L, 
-1368912452L, 1968562512L, 821418274L, -290530744L, 58437644L, 
330356316L, -1696642606L, 1008006656L, 1956934996L, -1257771800L, 
984465658L, 829761232L, -442315988L, 1328124148L, -1337484910L, 
-324387488L, -579695604L, -2014724896L, -544529822L, 2131100840L, 
-1459061684L, -1779820676L, -1905321678L, 2132595312L, 134206276L, 
1272574936L, -1808202886L, -1139931088L, 220164028L, 1844421204L, 
-1474572222L, -1842909536L, 171565756L, -1243755568L, -2134336158L, 
1100537576L, 1376074956L, 1685590524L, 945372658L, -83852160L, 
938002932L, -919414136L, -1841050822L, -2020635312L, -407098260L, 
1430431124L, -1151827886L, 1687387616L, 1486894284L, 1748377248L, 
-1573662334L, -1093322520L, 1966635756L, 735323452L, 1586188402L, 
-1743859088L, -1307932124L, -852256712L, -552425190L, -1507081008L, 
-1289778884L, -884284524L, -844367998L, 1323731904L, 2125687512L, 
-925883583L, 1105630195L, 217865748L, 1626093474L, 2095909047L, 
2117194369L, -250744186L, 286524100L, 199468021L, 1850030687L, 
-2096206664L, 275622294L, 936915875L, -943511707L, 1323785858L, 
2035137520L, -787071591L, 724939659L, -1719665028L, 1368814762L, 
-854808865L, 1135754345L, -1316186498L, -408035732L, -132644163L, 
550788999L, -830600336L, 2017786382L, -1553574085L, -1433220067L, 
1230898378L, -1335836696L, -2033726255L, -1843517245L, 1623515076L, 
-1561027470L, 940488007L, -1474582255L, 1846647958L, 1638257140L, 
1782170501L, 241421007L, -961194040L, 186277478L, 1382625427L, 
-1520537611L, -1571411502L, 438612512L, -169595895L, 461058363L, 
-730016628L, 789389594L, -1850124401L, -138745639L, 542140270L, 
-1783619844L, 465788013L, -1894176745L, 1540805088L, 2109545918L, 
-196533365L, 1129911309L, 70235194L, -1095437192L, -19275743L, 
691710675L, 766470644L, -1766108542L, 1211936535L, 201893345L, 
-2046764250L, -919366108L, 22991061L, -549556097L, -1779948264L, 
-1732862922L, 1056899779L, 915681029L, -2073910622L, 1002803344L, 
1258381369L, -1029386005L, -93470244L, -1557379062L, 678049535L, 
-1261967543L, -374547234L, 2071020172L, -1412741539L, 1679838311L, 
-344612464L, -2086501970L, -1171131301L, -139385795L, 833219242L, 
195090248L, -1753916559L, -1514300189L, -936463388L, 1599464210L, 
729165543L, -2018961231L, 1575230198L, -275890924L, 649880101L, 
327741231L, -873344792L, -962874938L, -525508493L, -1785115947L, 
-489318222L, 905104512L, -155692951L, -1845883685L, -1683177428L, 
-1527807942L, 1638498031L, 2067124601L, 695844366L, -570490916L, 
-1494075315L, -1476011081L, -578714304L, 145409054L, -376003861L, 
-1913501075L, 2002688730L, -1183350120L, 1806369025L, -357882189L, 
602026452L, -1526751006L, 1399576951L, 1258850497L, -585919418L, 
