.Random.seed <-
c(403L, 13L, -542082537L, 1292320638L, -2020733640L, 750463515L, 
-1065700487L, -1223604792L, 1685076470L, 501771313L, -428413341L, 
-187567566L, 510771076L, -555856441L, 132220061L, 2095662100L, 
1150706362L, -1361878267L, 790288607L, -2128363162L, 1756054768L, 
1811353619L, 46978481L, 620851296L, -984211970L, -319125111L, 
279076539L, -1273652598L, 991806828L, -1916919057L, 1192033573L, 
-384799780L, 1610279346L, 1074170029L, -1930119065L, 1500385166L, 
109582440L, 1385366635L, -1739108855L, 1043878040L, -177833018L, 
1459760929L, -592020557L, 1950266146L, -1026996972L, -11156073L, 
-198615667L, -770245468L, 1968496266L, -253078283L, -194172081L, 
71881814L, -448227584L, 1317253699L, 2075412961L, -1702671024L, 
-1141824594L, -1556577959L, 774528875L, 1250987738L, 1450999708L, 
417768351L, 1962412533L, 1903078540L, 450491746L, -211007171L, 
1061790135L, -377534882L, -821014632L, -1384382725L, -1135446375L, 
-417669336L, -414083626L, -366880175L, -29110013L, -1877324654L, 
-1560378844L, -1194296089L, -849088195L, 1276634548L, -1980130790L, 
-1211866779L, -1441026049L, 611337862L, 1689189904L, -476166989L, 
1039089489L, 220623616L, 903956958L, -2078076375L, 1865253339L, 
-1057411350L, 889412748L, -64437297L, -870073467L, -1809811396L, 
-584877806L, -1821266419L, 1643928903L, -69650642L, 428313224L, 
-1164461173L, 1039653737L, 182293816L, 1883912166L, 37506945L, 
-1968511213L, 623489218L, -1025356940L, 916813687L, -202469267L, 
912551684L, 13774378L, 1027408789L, -1083602897L, -170786506L, 
785162592L, 251936675L, 1771735233L, -1906329424L, -864630834L, 
-97756359L, 1232941899L, -793908998L, 12890620L, -1208085953L, 
979760917L, -1308851156L, 1013677314L, 641209821L, -1711315753L, 
-1827549250L, -852727304L, -2122134053L, 165372985L, -293468792L, 
1892323638L, -967464079L, -465729117L, -74910478L, 678897732L, 
42552071L, 79022813L, -296463404L, -1282452742L, 2114733637L, 
62234271L, -2068487130L, 925520048L, -1825961645L, 2047382641L, 
561138080L, -591772354L, 1313408073L, -1424011013L, 1578162378L, 
1266155052L, -1883601L, -806978843L, 1666604956L, 202799602L, 
-566029203L, 1964324263L, 1197285326L, -920093400L, 645029675L, 
1757250889L, 1286253144L, -1477418234L, -2079633695L, -1003779469L, 
-1883000094L, 1701621332L, -2035304617L, -1476179123L, -896024860L, 
372735690L, 1803435829L, -1836108401L, -811961706L, 1037470272L, 
-587719933L, -1216517343L, 420383760L, -2130265106L, 336554905L, 
-744082389L, 1569075482L, 981386204L, 554804703L, -475541067L, 
1770061644L, 410015138L, 899790077L, 29759991L, -1127295202L, 
-1221400104L, 646791995L, -481893159L, 1856596072L, 1619688854L, 
1834591505L, 1074316995L, 1118308050L, -1217020060L, 1009681063L, 
306457597L, 493772276L, -1576109350L, -1062290395L, -697372353L, 
-455907642L, 759343952L, 566104947L, -646363759L, 1521731520L, 
1656926622L, -1385989271L, 749449115L, 1177704106L, -836017972L, 
-1562730097L, -1462241851L, 1177655676L, 1718266322L, 1662719309L, 
756058119L, 1652484078L, 1340247752L, -1075501998L, -1939508768L, 
-44670772L, -1083512160L, -347985534L, 959720680L, 1505309420L, 
-1102517956L, -550001550L, 1506111088L, 1258325540L, 1659811896L, 
693306650L, -1829936944L, 1210391868L, 2137472916L, 747466626L, 
335675328L, 492996156L, -423691888L, 569775138L, -813844216L, 
-578988916L, 1663345436L, 1499170962L, 772061568L, 550468628L, 
1612123944L, 812742202L, 1789862352L, 673116524L, -1228466252L, 
-1480954350L, -988015648L, 205182412L, -1193298720L, -1717944286L, 
-1910020312L, -1807620596L, -1551105220L, -1154116622L, -761574672L, 
-783291836L, 1330382424L, -859297990L, 1906295792L, 146888380L, 
1497117972L, -1340010302L, -1763787680L, -580281988L, -113514544L, 
2133674274L, 2010742440L, -1575834740L, 722439356L, 1741381426L, 
-988614080L, 867624116L, -1448520632L, 1380964794L, -814559728L, 
910473452L, 1846651220L, 680052498L, 248341920L, -2028844340L, 
1027917408L, -2013630526L, 1448248104L, -1816846932L, 1296044348L, 
-1355722894L, 542597424L, -775586012L, 1849316664L, -1638270246L, 
-152954992L, -121015556L, 640221076L, -920356798L, -1297502976L, 
51235900L, 66166096L, 1552738466L, -219117752L, 1542543116L, 
1314978524L, 1909965650L, 1604362880L, 1591412820L, 1212324840L, 
-1960700166L, 311339344L, -1312382164L, 1880881012L, 1363497874L, 
1511470688L, 1714790284L, 1110377312L, 1331849186L, -1965871192L, 
316800204L, -1825034756L, -516715598L, -1658836496L, -467703356L, 
-1718980264L, -353983110L, -2076741200L, 241405884L, -1891848108L, 
-787020862L, 1485087776L, 586190012L, -563320240L, 805162978L, 
1898231400L, -1523856820L, 1167163644L, 699183090L, 2997504L, 
2074302324L, 294002696L, 1019401658L, 465346000L, 1451410412L, 
-2046992492L, -557929518L, 2082633568L, -108882612L, 1461976352L, 
1874498434L, 440953576L, 451146988L, 1550957116L, -1799758990L, 
1182509680L, 2134968356L, -1378011336L, 1327643802L, 19149520L, 
-1597185860L, -393369964L, 966903426L, 1063050432L, 1425166652L, 
666624144L, 1550309922L, -2079058424L, -355725044L, -1535622500L, 
-2014552558L, -1571443328L, 1553116692L, 1896343080L, -166570694L, 
-997636144L, 1656914540L, 1270425396L, 124949138L, -1712965280L, 
-691224244L, -614129696L, 1415925666L, -1821280344L, -956744820L, 
1535579836L, -460006542L, 1469769968L, 1195268164L, 928701784L, 
-1170865094L, 1253024624L, 69493820L, -1093166316L, -226358846L, 
1147465952L, 531900284L, 1023176400L, -314931550L, -533863384L, 
-687781620L, -1282202692L, -1253266126L, -1472897088L, 1086476852L, 
-699888696L, -1198324550L, -39374960L, 1319355884L, -1163558828L, 
250646162L, 1846164256L, -955400756L, -779441184L, -1568615742L, 
-2060293592L, 310238892L, -1300188484L, 48144882L, -876631760L, 
-1412817756L, -2120166728L, 1751673690L, -1858490992L, -1773821572L, 
1328176404L, -702822078L, 2011316992L, 478845884L, -2147382448L, 
-104570590L, -1262678712L, 2088720396L, 1491712092L, 1424987346L, 
-1613379584L, -579679404L, 63910376L, -1570576390L, -938285360L, 
830199084L, -1555801868L, 766121874L, -1806234528L, 88624396L, 
480125817L, -359446357L, 1224826908L, -557142198L, 1686390591L, 
1516353929L, -1177679458L, -291454900L, 994888221L, 1863165863L, 
-1998013744L, 1542933614L, -807619813L, -1816843139L, -1922399638L, 
1318302472L, -854500431L, 177933347L, -802101980L, -604323374L, 
-2042576345L, -537506703L, 360075958L, 1678523988L, -392584475L, 
1623482095L, -93373912L, 430820998L, -1855379277L, 89169429L, 
-581382030L, -53207872L, 1794887977L, -2128033893L, -190775188L, 
-1133448070L, 1739226543L, -1695564615L, 2126931662L, -592149476L, 
1685976973L, -1278369289L, 265803008L, 988111710L, 1645061163L, 
1063107373L, -1150097510L, 1643115864L, 730429633L, -2005670029L, 
2112212116L, -847431390L, -215930825L, 311736577L, 554658822L, 
446360132L, -1894390923L, -1766414625L, -1925414344L, -145618410L, 
-1170981341L, -1016907291L, -457439230L, 292913776L, -183818215L, 
1501782539L, 2039490812L, 1955878186L, 1480092511L, 971946729L, 
148349438L, 1398582764L, 2035301693L, 427148551L, 797345008L, 
991721614L, 1254855355L, -1403147619L, 82890314L, 880358504L, 
250932305L, -479594685L, -1880763836L, 1602240754L, -1466569529L, 
-1058720111L, -440825834L, 711783028L, -1436285691L, 873200463L, 
-2109287096L, 884852966L, 814849555L, 460579189L, 208647506L, 
1100076448L, -629455735L, 505078971L, -1164126452L, 1990147738L, 
-198474737L, -664240039L, -205165330L, -919017604L, 1599181805L, 
-1101538153L, 1325098848L, -1053409474L, 1590026251L, -1721014131L, 
-567381574L, -1889132552L, 455728033L, 370890067L, -47051660L, 
-98738686L, -732663657L, 155910753L, 763615910L, 1617494692L, 
-128792747L, 1326205951L, -1407755624L, 242532278L, -1561398205L, 
1064381829L, -713689566L, -1735545584L, 1173421241L, 677527915L, 
1354690652L, 1239006602L, -219526785L, 2015057097L, -1223022242L, 
153160204L, 1460596189L, 1842967783L, -216444656L, -1169493970L, 
