.Random.seed <-
c(403L, 10L, -1699372682L, 590260896L, -1100277917L, 592788481L, 
86501232L, -422957298L, 798017913L, 358808843L, 1482589754L, 
-531014340L, 1580683903L, 1554962901L, 1144362988L, -1321981630L, 
172504733L, 252551959L, 142045822L, 959906360L, 1464653083L, 
-753130887L, 2119392968L, -612198666L, -153436367L, -418990237L, 
2139860274L, 236048004L, -484431161L, -1356838499L, 1259134228L, 
1823912890L, 477353477L, -1586161697L, -1325896090L, 1247164912L, 
383850259L, 1498568881L, 257624928L, -609093378L, -2104743799L, 
659961787L, 1100919178L, -1795350420L, 1625571823L, 505043493L, 
-854757668L, 639321266L, 487802797L, -2007729305L, 308467854L, 
1166873960L, 154256747L, 955950857L, 940824984L, -1276395322L, 
457400865L, -1511724365L, -360900574L, 1010704916L, -1425201513L, 
-1313654643L, -952181340L, 1647484810L, -799847435L, 164438607L, 
2062652758L, 193974272L, 1946513731L, 401030369L, 1878005328L, 
-371414354L, -952537511L, -559368597L, 2120285146L, -671576932L, 
-1747695969L, 78122229L, -2059129460L, -200968094L, -968550339L, 
-845651273L, 886450526L, -2100170600L, 307002363L, 1442539929L, 
1329371688L, 1385773782L, 592637777L, 1546301955L, 289162642L, 
-745962716L, 215832039L, 1830462013L, 272309428L, 469883674L, 
-999755675L, 21969151L, 1232025990L, 1673154320L, 674847667L, 
-1611769775L, -789197824L, 1785072862L, -1231298775L, 2074706651L, 
1877293546L, 1757512076L, -705321265L, -1266992507L, -597274308L, 
-1926956014L, 1219613453L, 649666631L, 1364611630L, 1507138440L, 
-1704413557L, -466794391L, 1787909176L, 658445542L, 1225268353L, 
262388755L, 1669094338L, 56517748L, 2107759223L, 822887277L, 
-924347388L, -1745645782L, -61404011L, -225096913L, -173958602L, 
1294032480L, 908262563L, -1845110847L, 964551600L, 2068022990L, 
1006425145L, 1561700939L, 340492282L, -1483760900L, -699551937L, 
-703152107L, -1311354068L, 355039234L, -1579138339L, -302765609L, 
-1332288322L, 1148772088L, 958172379L, -172060871L, -825218424L, 
406195766L, 274693745L, -1016308573L, 645977586L, -352987836L, 
179017223L, -2016078883L, 1843526868L, -1113807878L, -89599163L, 
1634125727L, -752169690L, 1561367984L, 1758465619L, 463784305L, 
769007776L, 798289982L, 2062587721L, -1907294725L, -94690870L, 
594267948L, 1460743983L, -1320247835L, -114057060L, -1426586382L, 
-434307731L, -1064973657L, -1232640818L, 1991199272L, 1281989163L, 
-737382327L, 438645080L, 1905846278L, -14509599L, 882500467L, 
762443746L, 378134356L, 647238231L, -907345331L, 580642276L, 
1158987722L, 1209467445L, -1623390065L, 1198946710L, -456571584L, 
-273246205L, -434533855L, -2075800304L, -1263877394L, 2026610329L, 
1919393579L, 1497750042L, 1636862172L, -1731902241L, 1113440949L, 
-1937484724L, 364193954L, 1150871549L, 1372067063L, -525303266L, 
-203539240L, 372736059L, 1630570969L, 546074472L, -1603313002L, 
183430161L, 2050702787L, -1622670894L, 1873102948L, -669325401L, 
-290297603L, -848282380L, 1674419162L, -1956892891L, 1520924223L, 
-1612907066L, -867657136L, -1265166733L, 2111207584L, 978105020L, 
1098980816L, 36075362L, -207277336L, -655026996L, -50999812L, 
893286898L, -528083328L, -437402124L, -1860738424L, 1371010874L, 
-1371103408L, -1947788180L, -1723699820L, 422222930L, -1416173088L, 
1444705484L, -1081556832L, -105436798L, -2116765464L, -458116372L, 
925971772L, -708576142L, -782310288L, 1914350628L, 1911062584L, 
-1419158758L, -1526735664L, 739248956L, -266471532L, -391852158L, 
1955800512L, 1377382972L, -1990694512L, 1802185250L, -2093576952L, 
-415606132L, 1845905180L, 2033721490L, -722951808L, -2070281708L, 
-131972312L, 1035077178L, 1654360528L, 2031015276L, -896015436L, 
-799716334L, -1957350944L, 1182221260L, -323436320L, 1201494050L, 
-327357144L, -236587508L, -692063428L, -350452750L, 1894792944L, 
211515972L, 3563096L, -1392266438L, 1645822448L, 564649660L, 
2102463764L, 944504514L, -45621152L, 1597310844L, -2096751664L, 
67570978L, -2010552664L, -583218292L, 1133468860L, -556959950L, 
-624029120L, -33879884L, 410135112L, 1670589882L, 269824528L, 
-721535252L, 1830231380L, -1374935790L, -522495584L, -1162871092L, 
-88377760L, 374399938L, -427080920L, 2032049068L, -1709973700L, 
188558706L, -666853584L, -761879260L, -1257600200L, 1956331226L, 
-1751452784L, 461175548L, 1722979220L, 1861599298L, -529514240L, 
1663775804L, -1545783984L, -757215070L, 819035464L, 797932300L, 
1632629468L, 208011602L, -2003910528L, 557071444L, 2126113768L, 
-1268366086L, 283598672L, -241914068L, -250368652L, 1163218834L, 
-1115243424L, 544703884L, 69385056L, -714283550L, -2023038040L, 
578056396L, -1516241924L, 269308338L, -1800233488L, 2092609476L, 
-258580136L, 117704058L, 665415600L, -2072390212L, 598053972L, 
-2131793982L, 1638017056L, 245344444L, -965044656L, -654659614L, 
-541415320L, 521232460L, -798141188L, 555939826L, -1466778368L, 
-98151052L, 2135427080L, -359812166L, 164914640L, 1363791852L, 
1515236756L, -1478387246L, 1959616864L, 1848433484L, -816674528L, 
-1840715902L, 998688488L, 926118124L, -1528403908L, -2144989326L, 
-2095063440L, -543712220L, -714242248L, -733637478L, -1140284720L, 
-109819716L, 236754580L, 213302914L, 890636480L, 557834044L, 
-1830063984L, 1001076258L, -2000208888L, 1968987404L, -1287119716L, 
-2055622126L, 2053063552L, 1809872404L, -1483033048L, -531653318L, 
193140176L, -893357972L, 1621828916L, -845561198L, 463312736L, 
366022476L, -832139296L, -107361374L, -1804538968L, 804854156L, 
1494631612L, 384577906L, -1837272848L, 1988771908L, -1902736040L, 
-1332911558L, -1312088208L, 1271950396L, -146240748L, -2064329278L, 
-2142316832L, -653839492L, 1177522896L, -1557621598L, 1479043112L, 
-1118041844L, -283208772L, 441894194L, -881065536L, 1167585844L, 
2012137416L, 365421754L, 904059280L, 1540792812L, -1049903532L, 
2076404882L, 17414944L, -2016190004L, -1229013536L, 1289432770L, 
-1647775704L, -10232148L, -316804932L, 428234226L, 593976624L, 
1536263332L, 1216340664L, -1167607462L, 1224593808L, 428314492L, 
391145748L, 1725247298L, 156126976L, -557784132L, 1392065360L, 
620277011L, -1035324108L, 1762156354L, -336363689L, -1350676831L, 
1017552742L, -2088969884L, -2023752555L, -1338706497L, 1693210968L, 
-233138314L, -183065213L, -1917411387L, 1696769250L, -1179705008L, 
-1215152007L, -1856846933L, -1601017572L, -315023798L, 1058339391L, 
-1300648311L, 1067965086L, 726722380L, 1220443933L, -395034969L, 
-464046640L, 390868334L, 241418267L, -248893059L, -1307138198L, 
-1974164984L, 1241646769L, 1413873955L, -916418012L, -898336558L, 
-368070361L, -75154575L, 9742774L, 242925908L, -52314139L, -1233151505L, 
83255592L, -264111738L, -406854221L, 558770453L, -1408836750L, 
-1348601920L, 1238218793L, -1061260133L, -1676209812L, -599418502L, 
-1399686481L, -391368263L, 2078915534L, -1370930404L, 1720228493L, 
792806135L, -169843200L, 154583134L, 797039403L, 370792493L, 
-1098448742L, 397149272L, -1373240383L, -1145574285L, -858516076L, 
-7525342L, -666195145L, -1720750591L, 672857862L, 1103270724L, 
471000693L, -2091042849L, 2108590904L, 652410134L, -154033885L, 
1222470373L, 1344152322L, 475572592L, 169443609L, -537419509L, 
2078900732L, -48211414L, -342594977L, -1455425047L, -1679789314L, 
-1169376532L, -128611779L, -1074451961L, 1886584304L, -1719439986L, 
-1136036933L, -10179171L, -1628392630L, 1983711080L, -713397935L, 
-63190461L, -202346684L, -1366326286L, 1592859079L, 852430737L, 
-947374314L, 925303668L, -493241851L, -277058993L, -2098018744L, 
628664294L, 1004169491L, 1731425909L, 1287441490L, -575043936L, 
-2012273783L, -439091269L, -1377091572L, 1041624474L, 147918095L, 
-1785834663L, -730714642L, -1164441476L, -46228243L, -1036969065L, 
-566311840L, -1023744450L, -1256050933L, 1802655117L, 2060377786L, 
1867083000L, 48761505L, 907119187L, -1424165516L, -1034675454L, 
1110723479L, -1284350623L, -2139128410L, -732643420L, -2037994923L, 
-1902937345L, 767229848L, 1936265398L, 235238723L, 902919301L, 
