.Random.seed <-
c(403L, 10L, -656457332L, -1366987678L, 282655805L, 1472351927L, 
-17388194L, -1414318952L, -236789765L, -498481767L, 1199101480L, 
-1008169258L, -229266607L, -366121469L, -1029271150L, 104484644L, 
-1970986521L, 1981599293L, 1746737332L, 764129050L, 289604709L, 
-1638609665L, -142852730L, -2127383792L, 1901971379L, -2012615599L, 
1351798784L, 1196654814L, -1098646743L, 1274742491L, 1723413994L, 
-1248535156L, 1338528463L, -41709947L, -2023674564L, -860884974L, 
2006564621L, 372636743L, -739733970L, -191735928L, -2070142325L, 
1342968937L, 1987221560L, -1183870746L, -1210746751L, -1989844973L, 
1885579202L, 1285849204L, 1298183799L, 2065213293L, -1825204220L, 
615748394L, -100915051L, 320370479L, 1384062518L, -169506208L, 
1462376611L, 938245057L, 80230320L, 1524556494L, 1388970041L, 
-1066305973L, 307887098L, -1725643012L, -427062465L, -148798443L, 
-748380372L, 2119529474L, -747391267L, -364739113L, 930017470L, 
-111967496L, 968558811L, -1694172359L, -456618360L, -194479562L, 
-1757916559L, 1262602403L, -827457038L, 923078980L, -2093512185L, 
219477981L, 1148530900L, -761090054L, 1858479941L, -470432865L, 
-536606426L, 1261001136L, 836956755L, 189939057L, -372929376L, 
2065566782L, -191577271L, -1490726405L, -2032945718L, -1310491860L, 
1504310063L, -904779291L, 1266283676L, -417857294L, -1381099155L, 
-762456409L, 729700558L, 1554544168L, 1639513643L, -565668791L, 
-739056296L, -344884218L, -2143912479L, 1360414579L, -1483652126L, 
486959956L, -268802473L, 1662312013L, -769764892L, -1035686966L, 
-1475457483L, -857369457L, 1713339798L, 1341956416L, -266404861L, 
-671302111L, 265341200L, 286353134L, 1260518041L, -2144111829L, 
896966170L, -364137252L, -1767978785L, -18159947L, -580444084L, 
-1043784542L, -383505411L, -523601673L, 1238687262L, 2095509720L, 
-1226501061L, 1159364057L, 1560357736L, -685717866L, 1369939985L, 
-521469501L, 1981885906L, -767523740L, -181685337L, 1154243837L, 
2116679924L, -1899524134L, 51831589L, 455365183L, -399246906L, 
-1892397488L, -2039446925L, -449710447L, 477695680L, -1128523618L, 
1476228201L, -835133285L, -528948822L, -1629816372L, 1000625295L, 
-262558523L, -401326980L, 400830674L, -922136499L, -686544633L, 
-1389077266L, 1564177864L, 911506123L, -299424983L, 1918813048L, 
-1311237978L, 1081500353L, 1360778067L, -733036542L, 383872308L, 
1667770039L, 796990125L, 865393604L, -988593174L, 320580693L, 
528568815L, -1222936074L, 1913380640L, 1770795235L, -1658329727L, 
1567163376L, 1699531406L, 102997497L, 2064752523L, -412574790L, 
-1273462084L, 322722303L, 1157269333L, -717045652L, 1552749762L, 
1695170333L, -2100595305L, -522918658L, 84504248L, 2001162395L, 
1392729849L, -1717374904L, 1423115126L, 1484363441L, 1259206371L, 
1743455666L, 239545860L, -1644460729L, -1817378787L, -888994156L, 
-1745416646L, 2119352453L, -320141985L, 750382566L, -1291664272L, 
549394323L, 172974129L, -1318768928L, 1252870014L, 786497033L, 
1864357435L, -435574774L, -1932388372L, 1196694639L, -256298075L, 
1932956508L, 2123194162L, 1108479533L, 1304961552L, -1996523796L, 
-1803668140L, 1298035986L, 1580612000L, -124840244L, 1070837344L, 
-1424131134L, -627938520L, -227509332L, 439410492L, -960791182L, 
1026912048L, 502134052L, 700212024L, 592813786L, -1532154992L, 
1794857724L, -1348721772L, -1356128190L, 558342400L, -257541060L, 
-432892592L, -102739806L, -1708276408L, 73157388L, 727362268L, 
1179775314L, -1481463680L, -469267372L, -1992793112L, -955138822L, 
407404368L, -923347156L, -953049740L, 429629330L, 1198324832L, 
-1229396596L, 78271328L, 2018047458L, -815955032L, -1750521652L, 
1786270716L, -1270742606L, -210481680L, 285466564L, -889484968L, 
1903254906L, 949634992L, 614186428L, 2043966548L, 1684101058L, 
-1192245216L, -2132180804L, -332433840L, 543414242L, -936568728L, 
1706940492L, -852310788L, -117594126L, -1972232960L, -738876044L, 
281124872L, -1593072710L, 1092126160L, 2103902188L, 808134036L, 
-1915543086L, -1767909024L, -587883700L, -810090208L, -967350398L, 
711278312L, -461199124L, 1168705596L, 1325207410L, 1636052592L, 
1277938724L, 2031755064L, 1620626586L, -1897360688L, -1047392068L, 
-1597297004L, -1862488446L, 2134859968L, 971966268L, -1294430064L, 
707268130L, 100953096L, 333253900L, 1643449500L, -1377988078L, 
1892397952L, -237095404L, -610537944L, -54813382L, -1970967088L, 
-1406318484L, 1113556276L, -874763630L, -555987104L, 1244802892L, 
-247994400L, -1341883486L, 558652328L, -423609972L, 1681423548L, 
938738034L, 408479984L, 1876711492L, 1989174616L, 1726532154L, 
1733005168L, -235795396L, 650576660L, -1831254590L, -508145952L, 
1901276028L, 1338307280L, -544609118L, -1686192088L, 248150284L, 
-791655492L, -934691534L, -124165696L, -519521740L, 1959448520L, 
-927580998L, 487846288L, -1690091028L, 352007764L, -2127489902L, 
-1209564384L, 1595245004L, 2016294368L, 65447618L, -1900066776L, 
-404302164L, -452403012L, -406266382L, -918598352L, -1420434268L, 
1089157816L, 1170856282L, -1174550128L, -467507332L, -1248859884L, 
1648041794L, 323366656L, -309869636L, 714183504L, -1904410846L, 
-628071096L, -403993076L, -525387684L, -1264185134L, 179523072L, 
-1517006508L, -947364376L, -1512686598L, 1425398992L, 314243372L, 
1998997236L, -1819419246L, 1098219616L, 1336284428L, -370623776L, 
-687309470L, -1168825688L, -368235956L, -1991805572L, 1108760882L, 
1903807600L, 1856834372L, -1498340904L, 511022202L, -797825488L, 
-755383620L, -1700531372L, 373141570L, 1802520992L, 1823848124L, 
-2080899632L, -739590814L, -1531508760L, 44609484L, -1352645892L, 
199276018L, 1688210560L, -1579902732L, -432383352L, 2121755450L, 
1230800720L, 1767086700L, -1020815212L, -923606702L, 145979104L, 
1485653708L, -283531104L, 1874012034L, 140363496L, 1381609196L, 
-1274613700L, 1982244466L, -1045146512L, 1588357668L, 1174935608L, 
-2118635494L, 744842960L, -133727172L, -335418220L, -255162238L, 
-44134464L, -1681991364L, -1327761776L, 1468866594L, 428660744L, 
578866316L, -9563108L, 803383954L, 435908736L, -621448172L, -3536600L, 
-1055200710L, -1042320176L, 314111084L, -686375244L, 204369637L, 
364828418L, -1578238608L, -453780199L, 1903826187L, 191419900L, 
21048874L, 2114696799L, -1533327895L, 939783934L, 57485036L, 
1349735997L, 1032193543L, -1847637520L, 396351886L, -141496389L, 
-1493927523L, -1890732214L, -1023112344L, 1777569105L, 1236278851L, 
200475460L, -1293049870L, 1949261255L, -1671289967L, -1629938922L, 
110505844L, -1973301755L, -894437809L, 1076580936L, -139967514L, 
352414995L, 1491362421L, 898453586L, -964058464L, -82849911L, 
1403161531L, 855067660L, 590543258L, -1045833457L, -613505191L, 
1684294126L, 1953027196L, 483700973L, -1334872169L, -1860136864L, 
-380906946L, -1942310133L, 753559949L, -1007152454L, 898922744L, 
-1577908575L, -539615661L, 1984340340L, -1869900030L, -375324777L, 
-363237023L, -1792804442L, -921322588L, 1971676757L, -818649345L, 
54602648L, 165170358L, 797256003L, 546275461L, -219686622L, 787917328L, 
333590969L, -2120449429L, 833051996L, -184669046L, 30073983L, 
776998345L, 953779806L, 1690821900L, -1023745827L, 622628327L, 
-2029791728L, 785926958L, -1050144805L, -1097158467L, 1627961898L, 
-1084922168L, 708609009L, 1248585059L, -436404892L, -151813998L, 
-1519561369L, 989032241L, -1427782538L, 391208340L, 1584359845L, 
1218478767L, 944915304L, -429588666L, 1327671027L, -1892259755L, 
403559474L, 1571828224L, 614712041L, -613770917L, -507571284L, 
-127406150L, 1691453807L, 2044134137L, 243805070L, 2145211996L, 
-898890547L, 1311722551L, -1021253952L, 1360380318L, -339117461L, 
1562419693L, 1328935002L, 1381523224L, 1552196737L, -1213889997L, 
-733011884L, 702112866L, 1535896311L, -1742899903L, -1414179898L, 
-2004963068L, 819138741L, -1840373857L, 1180307448L, 1906393558L, 
1254676579L, 1226828837L, 178326466L, 1495367856L, 1919659225L, 
-1588368821L, -835098436L, 259460842L, -812392673L, -280043607L, 
