.Random.seed <-
c(403L, 10L, -2050943067L, -1478942884L, -705510606L, -1877489107L, 
-64313113L, 1708321294L, 1111857128L, -820188693L, 552073865L, 
-33623528L, -1735362234L, 1991210913L, 1019804211L, -293013598L, 
911962772L, -932468457L, -320547059L, 1172622884L, -939411958L, 
27799413L, 1170234063L, 1481219542L, -1827393152L, 1952860611L, 
1510227809L, 684910032L, 1392768302L, -2096274215L, -1713488149L, 
-1604830374L, 61324572L, 608631839L, 1114022005L, 39492876L, 
1636643042L, -1570309699L, -689570249L, 1530623198L, -312840168L, 
1920274299L, 155995929L, -2031373400L, 1165198166L, 1458912209L, 
-583577725L, -1445332462L, 1092775332L, -990733977L, -1604319555L, 
863465012L, -1698138726L, 796504549L, -1995309697L, -595610362L, 
-1407627632L, -649869517L, 2143327441L, 1433816704L, -1673439394L, 
866235561L, -1144436901L, -546325142L, 1337937932L, -638908337L, 
-1240702715L, 609687996L, -446772078L, 1858205581L, 500592583L, 
-1960012626L, 1541035272L, 1715766027L, 1363095017L, 202963640L, 
-143336090L, 554292737L, -959987565L, 2080045890L, -129518348L, 
1810604279L, -44951315L, 1804802948L, 1153381802L, 1280289557L, 
1546017199L, -746956362L, -722763808L, 1309953827L, -1309171647L, 
-1084589264L, -411750066L, 447095737L, -807774773L, -929978758L, 
1547897724L, -1148714049L, -1277203307L, 1542910636L, -433868670L, 
-2020933539L, 2139469655L, 1187097150L, -569041288L, -447414949L, 
-59183943L, 1546290440L, 290031542L, 103099633L, 1052666659L, 
-1712329358L, -1734539324L, -336354425L, -780504739L, -269078700L, 
1204614522L, 397037765L, 1522627103L, -424020570L, 852850480L, 
-134119981L, 1446874097L, 1010101536L, 1244588990L, 1681908681L, 
734868347L, -229043894L, 1695448492L, 1891764399L, 1380356709L, 
1222658588L, -70949774L, 1684757229L, 878561063L, 1891001166L, 
-676041816L, -634237013L, -2062590775L, -2112148264L, -1980665466L, 
-477869983L, -470963725L, 876533858L, -1991389484L, 1787729879L, 
1194771917L, -109125276L, 3188042L, -1680530251L, -625269745L, 
185908502L, -181303360L, 1908290435L, -441286239L, -738447984L, 
468508270L, 1791002649L, 372167851L, -274634598L, 1999730780L, 
2055796063L, 498794293L, 1036735180L, 708055074L, -68273539L, 
2069811063L, 1225392286L, -488620200L, 1218603707L, 1322710105L, 
-723292184L, -1871365610L, -1589559919L, 1146398275L, -296340142L, 
-1667360284L, -769173465L, -1831689091L, -267974284L, 500909402L, 
-1579576411L, 1942111167L, -966823866L, 1523875536L, -955283213L, 
-1795432943L, 1168582720L, -286335970L, 264420073L, 2112364571L, 
-1258952662L, 919239500L, 1260624143L, 1892633669L, -1208283652L, 
-1081230254L, -517235251L, 65814407L, 1245444718L, -1522894264L, 
198282315L, 371256745L, 197263608L, 1301570598L, 442492225L, 
1119376083L, 1611029122L, -309493580L, 1945858103L, -810130643L, 
-200320956L, 1182983530L, 110842325L, -665057425L, -668418442L, 
-1957400160L, 185136739L, -1803350271L, 1931673200L, 1157437966L, 
-2127261063L, 978894347L, -1933701318L, -1695123908L, 1144216959L, 
1518792405L, -848527636L, 99242050L, -101639622L, 1310414032L, 
-1991033748L, 772816564L, -304257006L, -2047037472L, 831704012L, 
424855008L, 246487586L, 22271272L, -1093587700L, -398096836L, 
1913247986L, 900589296L, 118980420L, 1963558488L, -1612166598L, 
-1096757520L, -2073773892L, -977102316L, 38247618L, -1282118560L, 
-644543108L, -604219184L, 1567312930L, -511252824L, 268512140L, 
2000246204L, -1810176974L, 1506398016L, 609756340L, -1586634936L, 
1759851194L, -671990000L, 1852523756L, 1477700692L, -455971054L, 
-1741627488L, -1243634740L, -1447175328L, 348087490L, 1596735016L, 
738393516L, -38606020L, -1399695502L, 1287356208L, 988476964L, 
1995451448L, -1632737062L, -550535792L, -141305092L, -1614240876L, 
-1333174462L, 79889920L, -382996932L, 471077456L, 1233854114L, 
-1769583800L, -1288445428L, -305440548L, -18212270L, 1081407616L, 
421249876L, 1350487528L, -1265971462L, -241808560L, -2063299540L, 
-914081420L, 206182034L, 1475305056L, 686782092L, -393013408L, 
108864226L, -593178456L, -1153901364L, -828534276L, -1381570638L, 
-1340585488L, -239684156L, -958500008L, -336081030L, -1798511184L, 
1969790396L, -1877496748L, 246599618L, 159258400L, -1938709572L, 
-1164714416L, -1812489758L, 1357686120L, -673721012L, -542622468L, 
-1207590158L, 1149684480L, 2049470068L, 2141846536L, -245757510L, 
-220582960L, -167062036L, 1849261972L, 1857539794L, -1865086368L, 
-926657204L, 1304596768L, -696818046L, -946633240L, 255155180L, 
-1029006788L, 2017404530L, 1395546992L, -861128412L, 410757688L, 
-626742886L, 499264976L, 549981628L, -1228823404L, 742838402L, 
1338865088L, 544245564L, 756291728L, 1533283106L, -1741323768L, 
1259438348L, -1613616740L, 2018220562L, 159997824L, 265188116L, 
-494298840L, 1552752698L, -228371504L, -1933932948L, -1352502732L, 
743986834L, -13759136L, -604888756L, 868316128L, -920075870L, 
1194451368L, -1941864820L, 927299004L, -1334041998L, -1240126480L, 
-2118608316L, -2049564584L, 1391703098L, 1202363504L, 1883178044L, 
737205524L, -1782127934L, -1014917408L, -2112988036L, -1330576688L, 
-997072478L, 2143523880L, 706254604L, -2106423876L, 1569564466L, 
619876032L, 440395828L, -2115588408L, 740255930L, -1525136752L, 
1857922796L, 1975210580L, 679415442L, -624470752L, -1335878196L, 
-1520701728L, 1468054722L, 965270568L, -1377524820L, 1953040060L, 
1833519090L, 608842288L, -1875420252L, 1963500984L, -1015609510L, 
119281808L, 1543038844L, 1664869652L, 2118205762L, 1666907392L, 
444654012L, 827268432L, -120452830L, -2012319160L, -947692532L, 
-1433898404L, 1680504274L, 960478720L, 1510510932L, -96762648L, 
1804622074L, 1023668944L, -989896916L, 1814609140L, 1988048274L, 
-1151047328L, -1152342004L, -928847648L, 1162307170L, -2063208280L, 
442046540L, -1205905540L, 554310962L, -1967681936L, -734755004L, 
-864990248L, -847442054L, 1354417200L, 1055793084L, -314287532L, 
-1090564030L, 1380390560L, -1769715012L, -2390064L, -138679966L, 
-1802712344L, 1621759180L, 201624060L, 121106930L, 1016926336L, 
-2051052044L, -2105046392L, 2026030906L, 79788368L, 1938634860L, 
1505716275L, 1987985045L, 700126962L, 887252800L, 138589353L, 
-405026533L, -396800276L, 626881274L, -1941808337L, 612959033L, 
620025166L, -1999297636L, -1159943923L, 1731144567L, -1700085888L, 
421408222L, 684774059L, -1471541843L, 338371098L, -262392616L, 
-1225688767L, -1836523021L, 1144875028L, -291459678L, -314922313L, 
-1649376127L, -1783090042L, 120877252L, 1207193077L, 1533614175L, 
-1584971080L, -2063688810L, -1482233437L, -849945243L, -526533502L, 
1896961520L, 166011801L, -883882613L, 2068705404L, -2118544726L, 
-2125493025L, 1192184425L, -528078722L, -1171328916L, 355338429L, 
1554823559L, -46518928L, 1790941198L, 731305275L, -1085654499L, 
1943150282L, -60597784L, 1869221585L, 576965315L, 365920708L, 
423569010L, -1713121465L, -148519151L, 541833878L, -1380950028L, 
250308997L, 515237071L, -881730104L, 526169190L, 903344787L, 
-1865729547L, 893391826L, -1778137056L, -852286967L, 219003707L, 
-2091544948L, -2017189094L, -1785944689L, -172164391L, 784520558L, 
-1512376068L, 86655597L, -2133975529L, 1052515296L, -593532994L, 
468456843L, -1613625843L, -1318462918L, -1443646856L, -1730536927L, 
334476499L, 446673908L, -386001790L, 1794456855L, 799960033L, 
358235430L, -128517084L, 380532437L, 2054566527L, -33365224L, 
1894316598L, 586390723L, -1522454267L, 1298409634L, 626491024L, 
-1986561479L, -1029471509L, 1202291676L, 913761802L, 2143639807L, 
-1965589175L, -817778978L, -1085008756L, -1041193891L, 1126488679L, 
2007630736L, 1433167790L, 1018832475L, 954317373L, -572257110L, 
-151863992L, -296124047L, 1182164707L, -460182044L, 482648338L, 
-1249993497L, -191518031L, -1793969930L, -338265324L, -1821518811L, 
1492463919L, -701217048L, -90999866L, -739269005L, -66418475L, 
274371250L, -1060988288L, -854615447L, -2033791269L, 2011867692L, 
2131321402L, 651701487L, 2013544313L, 1812775950L, 1600715228L, 
