.Random.seed <-
c(403L, 10L, 1211425502L, 64519704L, 630882683L, 754784537L, 
1377248680L, 518752598L, 1001036241L, 477370755L, -1508898798L, 
796412836L, 802052967L, -2082307907L, 341809204L, 518986650L, 
1110808549L, 296633215L, -677018874L, 1558654096L, 142630195L, 
1094662865L, -1125851008L, 1973959006L, 30584489L, -1070892709L, 
-356592790L, -1960437236L, -1881126321L, -1358403835L, -1615810628L, 
221514386L, -1765863027L, 2002549191L, -1287763282L, 1901789960L, 
-2135228149L, -2006515735L, -300488520L, 297394022L, 342846465L, 
399063699L, -1585558206L, 850838260L, 1511255799L, -176394515L, 
415046020L, 1119967146L, 106073365L, -203036753L, 1639974838L, 
-640623136L, -1498221277L, 1053452865L, 95536432L, 1348116302L, 
2027537849L, 538613707L, 232549498L, 792931708L, -1957313089L, 
-1526046059L, 398893228L, -1784501630L, -1169710499L, -1259915945L, 
1806186558L, 960076920L, 251324251L, -1585388871L, 130375432L, 
1352922550L, -1909404943L, 1743568163L, 1706637170L, -1670826556L, 
-525013625L, 1497472861L, -148442796L, -1237687430L, 1894658757L, 
-412814305L, 1851122598L, -914000592L, -1534986285L, -636037647L, 
1743946528L, -1183617602L, -1464941111L, -1444316805L, -1830813878L, 
-1979596884L, 1963804335L, 318026853L, -475442148L, -1030129038L, 
229850349L, 1737999655L, -763784882L, 823214504L, -369986133L, 
1698107081L, -602753320L, 317021062L, 1963519585L, -1995278349L, 
869313122L, -682693420L, 2098875863L, 962750413L, 671617892L, 
-1329711286L, -671609163L, -1461639665L, -195553514L, 1097822656L, 
853987715L, -1654667359L, -1773623408L, -1545847698L, 2009786905L, 
1064555179L, -1965005158L, -1264340388L, -1085591713L, -1939799755L, 
-1759158068L, -1784731102L, 265077885L, 1427692919L, 573788830L, 
-1511554728L, 949950651L, -1763645863L, 635590120L, 289460246L, 
-1985111151L, 389506115L, -775103662L, 1354776548L, 2020089383L, 
-70420867L, 1697916788L, -67003558L, -618009179L, 690604479L, 
-1328258490L, -1010372400L, 918588147L, -751916015L, -1512728000L, 
-1964802530L, 1464834281L, 64780827L, 764815914L, -662880948L, 
650010383L, -334544315L, 2035934204L, -1358456238L, 281397197L, 
1055109511L, -1776319378L, -1351541688L, 716310091L, 1560279977L, 
-1681362184L, -970697178L, 1174474561L, 629576915L, -1972963198L, 
-1836517708L, 1563898423L, -1777813203L, 1281399364L, -657561750L, 
-1864076331L, -677182097L, -79069066L, 364243872L, 1144720483L, 
-885131007L, 2051110000L, -1509707762L, 358379641L, -2071400437L, 
-1866038982L, 158474300L, 2021492607L, 1745722581L, 353304812L, 
-1242564030L, -1748312675L, 169158679L, -837014146L, -1286499528L, 
196283419L, 743224697L, -1868504120L, 305827830L, 90829361L, 
-1707228061L, 1588538418L, 89991556L, 1221693383L, -1061698915L, 
-259104236L, -466349894L, 1699888389L, -31652129L, -346895514L, 
1734470384L, -555779565L, -479734863L, -860275104L, -1411847170L, 
1911935881L, 344372411L, 397570186L, -941845652L, -1209132817L, 
1905898277L, 1021902300L, 1844538290L, -1922297171L, -54482329L, 
1789196686L, -2058613144L, -1810228629L, -1352035424L, 83541964L, 
-2146251936L, 372527298L, -1630218712L, 1467729324L, -338526404L, 
100405106L, 218964784L, 2135884324L, -1572360136L, -1688285990L, 
-431603312L, 1445406460L, -337608812L, 1723933506L, 587012608L, 
1691099708L, -1452435888L, 1945506466L, 796552008L, 1674394124L, 
-876950308L, -2117164462L, 2140059776L, -1929847980L, 140685800L, 
-385586438L, 82065232L, 926827564L, 21566836L, 304008850L, 1529338464L, 
2016547468L, 1765346144L, -1390292254L, 1397618856L, 659034316L, 
-608226820L, 1797922738L, 1470010864L, 543190468L, -387651752L, 
-992027782L, -105988688L, 543842748L, -1246408620L, -1005603902L, 
-1181445344L, -1321560132L, 209351248L, 1436990946L, -1207467672L, 
1132899660L, -432975620L, 1981539058L, -1283252480L, 379567732L, 
243027976L, -1076649542L, -591937584L, -1130178068L, 770185108L, 
-923761966L, -1200341408L, 1227203916L, -112777952L, -247248254L, 
-625059352L, 931815404L, 1936033340L, 114226802L, -315888784L, 
-2124097244L, 531780152L, 1714104730L, 1152203216L, -964303428L, 
-1608877932L, -172452734L, -1667037760L, -1303827652L, 485534864L, 
-249312478L, -1810409976L, -1387473652L, 1572832668L, -76653038L, 
1366600576L, -2115402988L, -54525656L, 563848250L, 511839184L, 
-261846420L, -1106034124L, 1849559698L, 1733141856L, 892959052L, 
1728571360L, 1446884770L, 1671267752L, 755402380L, -189014596L, 
-1614545294L, -643845136L, -905449916L, -1891983272L, 1073883194L, 
-1759104912L, -1500571588L, 2058436884L, -625958206L, 511862496L, 
1976711292L, -908003632L, -944621150L, 1799198760L, -874009844L, 
-1157076548L, 342958898L, 1523706560L, -204600268L, 1706516168L, 
-1770588998L, 1545287312L, -743313684L, -1903920556L, 1847337618L, 
-1193318112L, -1583443508L, -355835168L, -1324842814L, -1811813336L, 
764196780L, 671656636L, 1665907698L, 935884336L, 657706916L, 
-2136339016L, -2029848742L, -1059262320L, -265442436L, 1876631828L, 
796657986L, 128561408L, -831521348L, -1129184944L, -632432350L, 
974543432L, -1130844148L, -152320420L, 450669010L, -1867688448L, 
-1281088172L, -2069926680L, -751881990L, -2048932144L, -910595284L, 
-1553616652L, 1037498770L, 25165152L, -1970545652L, -1771447072L, 
769086050L, 356156584L, -374662068L, -102348932L, 859232562L, 
2121106032L, -1779285180L, -363895848L, -619908230L, -68888528L, 
-1189941316L, 277787220L, -1823076286L, 1573064352L, 1674461884L, 
-1937019952L, -1604551326L, -696594712L, -1649414964L, -1440030212L, 
-662422030L, 593601664L, 1743022580L, -1735062904L, 282663738L, 
-1727967920L, -617247636L, 1574737300L, 1364426834L, 1097981408L, 
-1597451060L, -790511968L, 450572674L, 1740204264L, 769788652L, 
-127949508L, -976613262L, -2064829840L, 1494514212L, -1571936200L, 
-1812109030L, 9364688L, -665179844L, -1964026988L, -1809414270L, 
1791962048L, 843118140L, 823239056L, -1194067934L, 1419891976L, 
-1583241076L, -435900644L, 1832146066L, -1485679232L, -53624812L, 
796018472L, 1914275386L, -526626352L, 593246572L, 884605876L, 
-1098544622L, -942037024L, -351491636L, 889141472L, -378967157L, 
-830871940L, -1421419350L, -2140492065L, -1509186455L, -1685078402L, 
-686180756L, -1924269379L, 1407420295L, -295074960L, -1253379570L, 
644267835L, -1636613091L, -1234891574L, -1369106456L, -447257391L, 
970617027L, -1803814972L, -488434574L, -1792717497L, 302342417L, 
-966835050L, -116590092L, 151358341L, 2128724687L, 1547280328L, 
67188326L, 1898911891L, 970491893L, -520085038L, 227920416L, 
-392403959L, 1209456955L, -201588L, 748095770L, 1356550031L, 
1556009177L, -1183400082L, -1093589252L, -1787706259L, 849518615L, 
-323864096L, -1442757186L, 64572299L, -1891427315L, -1772303302L, 
-1407067016L, 1312389153L, -1458318637L, 883818996L, 1910663810L, 
-397506793L, -2131046943L, -1765006554L, -893272540L, -1996789547L, 
-915584897L, -1386509032L, 173360182L, 1508985539L, -879827195L, 
1055496866L, 1370618000L, 97757241L, -1886938901L, -2077132324L, 
-1042980854L, 394624767L, -1023365303L, -1450162978L, 1006221964L, 
-1893216675L, -329993113L, 294009232L, 949029294L, -1045468069L, 
819751997L, 159810218L, -115278008L, 403755889L, -734219037L, 
507722724L, 699575058L, 1877534439L, -1750142799L, 2073985782L, 
714212628L, 488127013L, 1329358639L, 666826984L, -722863674L, 
-54691725L, 1069880021L, 1918202034L, -1045392256L, -369579927L, 
1398359259L, -1982101460L, 1688942650L, -678275345L, 1934842233L, 
-1482668530L, -1166415908L, 1846857805L, -325348425L, 1496788288L, 
-808924130L, -1527981333L, -1813376403L, 684221146L, 953293464L, 
326793473L, 683597491L, -795584044L, -723994398L, 1325113719L, 
1350402241L, 510647366L, -1344306300L, -545589963L, 622539551L, 
1452897912L, 1696951126L, 404074979L, 1852491685L, 1426818626L, 
-2128417744L, -1552347047L, -708846133L, 203288124L, -1771851670L, 
775465631L, -1582352599L, -845059138L, 2118433452L, -1114986499L, 
