.Random.seed <-
c(403L, 10L, 966292542L, -1149609864L, -1128529061L, 7306937L, 
-752790776L, 1610918326L, -1690159375L, -612376285L, -299142286L, 
-261310012L, 1808302471L, -193709219L, 1474327892L, -432130182L, 
1612388037L, -912304097L, 142393254L, 1590509872L, -1296507949L, 
-1502674447L, 1136166688L, -125054530L, 1548411337L, -1611836037L, 
-590036150L, 1667105708L, 618785455L, 430069861L, -329590756L, 
1692939890L, 1272252653L, 55462183L, 409482574L, -1059711576L, 
1483649451L, -1978021175L, -374752552L, 320259974L, -1521886623L, 
2010448883L, 1683904098L, 1103196372L, -876676649L, 1736764365L, 
-828858524L, -2114876598L, -625124683L, 565717519L, -1907954922L, 
469583296L, -770730621L, 1492851617L, 1491116944L, 1495908462L, 
312739353L, -491723093L, 677747354L, 1868301916L, 995709791L, 
1612008757L, 868220108L, -558922206L, -1077053315L, 511132023L, 
-1621889378L, 1914658136L, 1412467899L, -1896713639L, -230925848L, 
-1125164010L, 1566975889L, 1933060163L, 1527811922L, 258978788L, 
1934051879L, -566246787L, -51463308L, -1327900838L, 443044261L, 
-2130424385L, -1358844346L, -1156973360L, 1544296179L, -1558999023L, 
-712010176L, 1675409950L, 186135785L, -1804976613L, -1414660566L, 
252617036L, 1948125967L, -879157691L, -716888068L, 34012754L, 
1802740685L, -1395749497L, -166311826L, -2108551096L, 166896203L, 
44662697L, 1680101112L, -5256666L, 20734785L, 553879763L, 2112662658L, 
-762115404L, -716431817L, -1579465427L, -1757729212L, -887606422L, 
-1009573931L, 1256556911L, -1394588554L, 390500256L, 1965316195L, 
1083899137L, -715894672L, 923663374L, 1360403577L, 579382283L, 
-179616454L, -1056353220L, -200350849L, -433245995L, 1638237420L, 
2032279106L, -1688178275L, -1229773801L, 1361344894L, -1193959624L, 
891082779L, 2123291001L, -172884024L, 1860805622L, 1670182449L, 
1923862627L, -621088718L, -1128231548L, -835292217L, 1509471901L, 
-200155628L, 1032430778L, 1966280965L, -438463777L, 315211622L, 
67819248L, -2009911789L, -710744143L, -1177013664L, 1780617214L, 
-1447706743L, -375596869L, 531141770L, 767321964L, -579455761L, 
1255694117L, -1428747812L, 2130229170L, 1913142957L, 1982690919L, 
-1741011570L, 1217475176L, -1930318229L, 1473284105L, 697235096L, 
1979019718L, -1683119839L, -1606389325L, 1891568930L, -1606932716L, 
1255284631L, -1983217779L, 633668260L, -1936978806L, 1064346357L, 
2045740367L, 2019627606L, 60502272L, 1440973891L, 2069858273L, 
-1722063024L, -1126344274L, 1422317401L, 1669717355L, -562789158L, 
613125532L, -95374945L, -1192258571L, 2088878732L, 213567330L, 
-783173827L, 957583287L, -1215816610L, -2106306152L, 1411429627L, 
1976828057L, -905416408L, -2060187690L, 1521591377L, -1448030461L, 
-684177774L, -1139162076L, 1564183271L, 1790238525L, 1209163700L, 
2097562650L, -1179345051L, 493634047L, 1890192518L, -399503344L, 
-2111941965L, -1680748207L, 1135194368L, -1382943778L, -994500567L, 
-1028933669L, -1426119446L, 1236664972L, 1502748111L, -793489019L, 
2069654076L, 1844350738L, -872025075L, 14040903L, 1522531630L, 
-1161134968L, 969402763L, -88502688L, -1390353076L, 1523422496L, 
1643229826L, 48916968L, 1558104044L, 1117025852L, -273265038L, 
93995888L, -1164424924L, -1786744264L, -2127142502L, -781383216L, 
-1277231684L, -1022900076L, -216589182L, -565975616L, 799449916L, 
73069712L, -822721758L, -683536888L, -915755764L, -455756388L, 
-567615982L, 530287488L, 135152404L, -22253272L, 1431170106L, 
1227434960L, 1356333676L, -1551828428L, 88144530L, -1912890016L, 
-1849775796L, -1103308832L, -1523706462L, 1965055400L, 44066444L, 
1781996988L, 4189810L, -538551312L, 2142467652L, 8575064L, 2001541178L, 
813877360L, -431622084L, 728144148L, 1524418L, 1574440672L, 706971772L, 
111046352L, 551500194L, -314281944L, 861313804L, -1867607620L, 
-2038058190L, -1194689856L, 1707852852L, -1868818744L, 968873146L, 
-95455600L, -219377940L, 1194019412L, 367829650L, 1544962336L, 
732219852L, -1150467360L, -694814526L, 2092577832L, -953256020L, 
-791878980L, 254831602L, -2086203856L, 36784036L, -1845547592L, 
-1057691814L, 2068885648L, -1412914308L, -2023419628L, -1218320062L, 
1808525568L, -2008715844L, -870692528L, -1401419486L, 631464520L, 
1841113100L, -1735498148L, -1588655662L, 1489939968L, 1556856148L, 
-565572376L, -2040788742L, 334790352L, 1085524780L, -433444620L, 
-1942969966L, 1355130208L, -429042676L, -778105632L, 1548792418L, 
-161160024L, -1291205556L, -2044051588L, 1018050866L, -320552336L, 
-2135641276L, 1148566488L, -1018516614L, 1216272432L, -1271136324L, 
926698068L, 609448002L, 431040160L, 854041276L, -1839504432L, 
1671517538L, 1793670888L, 1832508620L, -1976256004L, 380345842L, 
401759360L, -1119020556L, 1701520008L, -643425478L, -416193200L, 
1754309740L, 1000975764L, -906844078L, -808641056L, -1559604020L, 
-1752047968L, 338981250L, 934297832L, 1123609324L, -920412868L, 
231532658L, 946045552L, -503784924L, 1292863544L, 1553135898L, 
648799440L, 1151260988L, -896601196L, -1552746622L, -331879488L, 
1791129148L, 379879824L, -1681741790L, 376286472L, 1249970316L, 
31641372L, -1893229422L, -868971136L, 37564436L, 1996662568L, 
563119674L, 1185204688L, 933175660L, -1971610700L, 1398764050L, 
198080480L, 689445324L, 1749702880L, 1587975202L, -542377176L, 
576432652L, 828134204L, -1451186190L, -650485008L, -725292476L, 
-1040722344L, -1620428998L, -166774800L, -929789252L, -355326700L, 
968191170L, -1319138208L, 691395964L, -1334140976L, 1794771234L, 
415624872L, -1232658548L, -399145796L, 2080158514L, 1967969856L, 
711177396L, 1465699400L, -878342726L, -1850066416L, 591727852L, 
1893937492L, 562567954L, 21480864L, -1907150132L, -1816016288L, 
455878594L, 1293083432L, -434191956L, -1737083588L, -1024048270L, 
1193395504L, -369565916L, -896359112L, 1640695514L, -599533680L, 
1280615164L, 2092874644L, 2125055042L, -1693381376L, -2089811908L, 
677236048L, -939084638L, -1556219064L, -74174708L, 369880796L, 
-666761390L, 1750451840L, 944959572L, -2028354584L, -1888572678L, 
-1093989040L, 206165804L, 1605864308L, 1662780306L, -378942880L, 
-1838411892L, -1796597920L, -1883945749L, 406459868L, 586980362L, 
-48465153L, 443429705L, -1327380258L, 818230924L, 448217693L, 
2060402791L, 683826576L, -1301090898L, 1992603739L, -275369923L, 
31270570L, -1150303416L, 1440221041L, -1081986845L, -2088540188L, 
470499090L, 1000956647L, -757463887L, 1852237558L, -1053413100L, 
777414181L, 14482223L, -1935938328L, -299479610L, -1929528205L, 
287364821L, -150115150L, -1703763840L, -869692311L, -696543013L, 
54266924L, -1471056838L, 1457447663L, 958799225L, -1464511986L, 
1485710300L, -573141939L, -326262857L, -869203648L, 1705076766L, 
-746053909L, 378195565L, 1569986266L, 2071217816L, -1390613247L, 
1944638131L, -410477100L, 1031044322L, -698837641L, -615248703L, 
-198512570L, -18776188L, 1289722165L, -49215713L, -389780872L, 
-733450410L, -1052307997L, -1238785115L, 1468355138L, 1071403056L, 
-931191719L, 1410046411L, -294004164L, -1461595030L, 1851704991L, 
987892521L, 284706750L, -448137556L, -1482867715L, -1934159033L, 
-1511762896L, -303221426L, 121908603L, 161962717L, 595172106L, 
-515270104L, 1905316497L, 2050724483L, 1578521476L, -1923024462L, 
1852679943L, 1786537297L, -457675562L, -1676129868L, 81567173L, 
355306767L, -1887773816L, -1023933786L, 1288294995L, 1310243765L, 
-1682028270L, -225797408L, 183865161L, 376955259L, 288689228L, 
-1968771622L, -1705291825L, -1201491559L, 144163246L, -922026308L, 
-310939859L, -1284846377L, 1402680608L, 295461502L, 1605676107L, 
229129805L, 1349821562L, 329073848L, -1392693663L, 310219795L, 
-1587666380L, -1376467902L, -401310633L, 1449564065L, -941807514L, 
-770248604L, -1788179563L, 1079524543L, 517270616L, 690346102L, 
408242307L, -929650491L, -839047710L, 1249021008L, 1041163641L, 
-2033952085L, 1179976220L, -1196401334L, -1202764481L, 1479328649L, 
-1919779938L, -2133075380L, -903496675L, 542250407L, 1152641232L, 
