.Random.seed <-
c(403L, 10L, -1624008973L, -1823272943L, -906488256L, 235092510L, 
1095611625L, -1852785125L, -1180467670L, -561438388L, 2014743311L, 
1162124869L, 1602725884L, -774668718L, -1085725747L, 312216967L, 
1444595822L, -1557884856L, 1354113611L, 469368745L, -1038823688L, 
-450672090L, -830414015L, 487196883L, -1698419582L, 1675528884L, 
1690934839L, 1658373421L, -2005029308L, -1624132758L, -515334187L, 
1827015023L, 1442432118L, -899936352L, 1974196323L, 1405648129L, 
969658480L, -82543602L, 7576697L, -940758005L, -1154366150L, 
-1681337284L, -2113248385L, 2120397013L, 564397292L, -2028626366L, 
-581111395L, -1327717353L, 1069349246L, 518922040L, -406366181L, 
458512761L, 1350991816L, -1104141322L, -935823823L, -1738321821L, 
178483250L, -1126036092L, 1466823623L, 1350448797L, -183476716L, 
556868794L, -435318523L, -439741729L, 891699046L, -768321808L, 
-1508528621L, 2189233L, -2037861792L, -1579380738L, 1666662281L, 
-922855237L, -1742662518L, 111667052L, -1391610641L, 1050337061L, 
1656130012L, -1201588302L, 779337389L, 1611593319L, 1698940302L, 
-1465535896L, -1898828181L, -295565303L, -144804200L, 1022554566L, 
1985945889L, 918483379L, -1898607326L, 1522968340L, -1090609257L, 
967573389L, 2124907172L, 1459588234L, 1464673013L, -1386347185L, 
663654998L, 70037760L, -815725501L, -15333407L, 275441488L, 1523177902L, 
-1312663719L, 663838059L, -1957755686L, 608701852L, -1530121825L, 
413406197L, -335527284L, 98322274L, 1581528893L, 2058555319L, 
-2123391906L, 557765016L, 286078203L, 86212761L, 1626992936L, 
-1318156330L, 647177297L, 228216579L, 15713938L, 1819821092L, 
1298533095L, -860987587L, -262938700L, 58049562L, -146792603L, 
1663222271L, 1806601350L, 344035344L, 140956339L, 333205841L, 
-856018688L, -1947569186L, -1509646295L, -816695333L, -1435458326L, 
-921664884L, 2110234063L, 70242693L, -1870665156L, -1463546094L, 
192377869L, -1276068025L, 1853259054L, -1677919096L, 102394251L, 
-614043287L, 1763965752L, 121906662L, -236912255L, 1829246227L, 
-312094014L, -380043916L, 1365376375L, -1598454163L, -577222396L, 
726637610L, 984134037L, -502274513L, -1463860426L, 1522105184L, 
-1262648925L, -801488191L, -1365779792L, 686937550L, -1538946759L, 
721528139L, 1157426938L, 727293948L, -1466032065L, 610326805L, 
1991336492L, 1418440450L, -916292643L, 266876631L, -912064066L, 
-1967594504L, 1401673691L, -693917127L, 416902024L, 1407425334L, 
154175857L, -1836735581L, -1751092494L, 31167044L, -2112963321L, 
-539671331L, 556904916L, 20452602L, 1314278469L, 942202015L, 
-1244021210L, 103332528L, -1333745837L, 1681498737L, 375189408L, 
1414088510L, -1219867063L, 730770171L, 1807276746L, 1578093612L, 
601494575L, -505594651L, 218936732L, -742443022L, -1466949011L, 
1334798247L, 1991268814L, 80670504L, 663610667L, -886159543L, 
1990233176L, 243398918L, -1272347423L, -873028493L, -393826078L, 
753670228L, -333038249L, 1772670285L, -1056796444L, 190942410L, 
-1846288075L, -180689009L, -1472088938L, 1174305856L, 1560587523L, 
45064481L, 564865552L, 608389456L, -1262221022L, 1770611272L, 
1952065548L, -921344420L, -984086062L, 762490368L, -545407660L, 
-101184280L, 1562642682L, -2060419376L, -1286616276L, 1148397812L, 
546152850L, -420829856L, -1099279348L, -794817312L, 301773410L, 
65135784L, -1688288180L, 1857568636L, 1933261106L, 1828897392L, 
938062660L, -975455272L, 2127932282L, 1120393264L, -2424900L, 
610880084L, 541880386L, -1993988448L, -453205316L, -2144181296L, 
183457122L, -385335576L, -218112820L, -1864320516L, -362045966L, 
535190656L, -772072972L, 1102324360L, 562305850L, -691182256L, 
-1437621140L, 607563156L, -758536110L, -1911874080L, 1917932748L, 
691068576L, 953315714L, -1561313048L, -1348932884L, 776576316L, 
-2117474190L, -491486608L, -1813652956L, -390100936L, 349960474L, 
532735184L, 665835836L, 1655960468L, -2086078590L, -2078610496L, 
-306416068L, 358973840L, 1110091810L, 319991048L, -1782183796L, 
-472985828L, -786391918L, 179015040L, 2073505812L, 645965608L, 
2147386938L, -188823088L, -1196547732L, -1213752396L, 436957714L, 
-19826720L, -1030940212L, 691427552L, -1637641182L, 204864296L, 
1844750860L, -2272452L, 2071635954L, 1124492016L, 1816848964L, 
1012979288L, 36714298L, -905496592L, 195005116L, -1574034156L, 
-1399821118L, -373978016L, 654499196L, 574791632L, -603518686L, 
-2008420696L, 2069372812L, 1713865916L, 1120777010L, 60413504L, 
404731060L, 1108003912L, 125930938L, 225458704L, 653987052L, 
-141086380L, 73145106L, 105104800L, 230175436L, -320419232L, 
643835842L, -1376328920L, -1590902356L, -1766116036L, 881869682L, 
-1510357712L, 1263066916L, -1599757000L, -90896678L, 1671813008L, 
1966056188L, 1791802260L, 1172030530L, -1831400192L, 1073610812L, 
-825569968L, 819901602L, 16841544L, -619237620L, 1785196252L, 
-287373486L, 158844544L, -704319404L, -993803288L, 1163504378L, 
584191312L, -1739925716L, -1444705420L, -936574062L, -662517152L, 
-617017460L, -2117331104L, -864142366L, -1259566168L, 2118954188L, 
186599932L, 1024446386L, 1667784176L, -633848380L, -2036698792L, 
-1352071814L, 1193860528L, 1408598972L, -1550063532L, -1042194494L, 
775886880L, 2061430972L, 760486480L, -1634265118L, 350068328L, 
2146999884L, 1266952444L, 1325019122L, -1496963840L, 1502255988L, 
522917896L, 1925327290L, -1193587248L, 1337594860L, 439397268L, 
1312115666L, 1779494752L, -1553385140L, -1252515552L, -571986046L, 
-1490137368L, 417773804L, -1443758532L, -1613995150L, 1828963952L, 
1112747044L, 529358648L, -697171814L, -2054601008L, 1620255932L, 
-2137929068L, 882072194L, 1388826816L, 2046485820L, 1079281808L, 
1021705762L, -1171424760L, 170448140L, 1954701980L, 1002264082L, 
-1462619776L, 619749908L, -1618035160L, -752107206L, -1937204272L, 
-1199255956L, 365525812L, 1752511122L, -515504800L, 609776972L, 
-430840864L, -293134430L, -1264377944L, 1432743820L, 745814716L, 
-89318542L, 530710768L, 452496452L, 1528950104L, 581128250L, 
348717936L, 1329075260L, 696429332L, -833516094L, 1123945696L, 
2018670460L, -291563824L, 418667170L, -1168993240L, 1139898802L, 
1791108871L, 709616977L, -2014712618L, -133117516L, 1731468741L, 
1036782863L, 1066032008L, -2027847002L, -1433251245L, -1905247307L, 
556124434L, 1349720800L, -1052635319L, -1760075397L, 1211403340L, 
-2014220838L, -1482633265L, 19411353L, 317866414L, 835223228L, 
-876024019L, 1280003287L, -600984288L, -869604738L, -1230689205L, 
315473485L, 1624712314L, 1737082040L, -398152095L, -656534509L, 
217227828L, -912964542L, -1937179561L, -2093279327L, 1722722406L, 
-1800310684L, 1429212053L, 1336130751L, 1013279832L, 1266833526L, 
-1806579581L, -1737086779L, 1875224034L, 1288440912L, 661611897L, 
-333456725L, -1957395940L, 1472847178L, -144718529L, -321895543L, 
96467870L, 1682856524L, 1812610077L, -1659267673L, 356804816L, 
-1725826450L, -1210669797L, 795123325L, -1237750678L, 283646216L, 
864062897L, -530060765L, 1738723108L, 629798866L, -1094970329L, 
1610829425L, 2107110582L, -1182698412L, 1368100069L, 2104703215L, 
-844010456L, 1912477830L, -1725996365L, -271997931L, 1566340722L, 
-1915325760L, -58386647L, -211085925L, 1278849644L, 1135650426L, 
1623889839L, 702526137L, -15311666L, -912624100L, -628535923L, 
2089049079L, -998875392L, 753677662L, -1872257493L, -2092789459L, 
-812913254L, -47957160L, 1231602369L, -184294029L, -1804503404L, 
40665890L, 1012452919L, -610051327L, -242834938L, 1749811268L, 
-1659432587L, 1885009119L, -4929480L, 1154781206L, -107511773L, 
1844486117L, -896210430L, -1362806672L, -1491562983L, 1962496011L, 
-98694404L, -1421763798L, -1911665313L, -817740567L, 1725191166L, 
-870223892L, -761283779L, -2048051449L, -519459088L, -1320350066L, 
1881278651L, 677133469L, -549785526L, 2132513384L, -2001133999L, 
-106470077L, -1066970044L, -19736846L, -1316921657L, 1229546641L, 
2113116694L, 410437748L, 713935621L, 1596383567L, 719135560L, 
-1975348506L, -471301101L, 1882258293L, 1562483538L, -446395488L, 
