.Random.seed <-
c(403L, 10L, 1167050010L, 1751992284L, -1127970337L, -2106520139L, 
-1594811572L, -155797086L, 1395423485L, 1693197815L, -678288610L, 
1564548568L, 675755835L, -1702682407L, -212456344L, 1859113366L, 
729813265L, 547504835L, -499205422L, -1497347228L, -131301721L, 
-616241155L, -1601822220L, -1611772198L, 2082467877L, 947453247L, 
-1086057786L, -1609875632L, 233283443L, 82272657L, -1410092096L, 
491099550L, -1218304151L, 372450203L, 1871088298L, 700982476L, 
-379347569L, -299451963L, 149536124L, 77481426L, -467533491L, 
-227441657L, -191024146L, 449747656L, 919852491L, -895299543L, 
-1045367176L, 237245350L, 1406401L, 1904022099L, -1443243774L, 
408686644L, -537564745L, 520256941L, 2102499012L, -1404421398L, 
-2133607083L, -1429966097L, 528470262L, 1195536416L, -1442541085L, 
-1903824255L, -536781584L, -1123314802L, 610856185L, -1076586869L, 
2106549946L, -1590171204L, -1937663233L, 1665998421L, 2092378476L, 
2126019010L, -343346659L, 1273768599L, 2002265086L, -165806152L, 
-1016613989L, 1088100857L, -266589880L, 3298422L, 1050542513L, 
-1235259421L, 1332243634L, 1928012036L, -1034319289L, -1450234595L, 
-1587160172L, -1820471494L, -871812219L, -56022945L, -1419519258L, 
-662560400L, -1892160877L, -1440885967L, 108433888L, -1250302338L, 
1744735497L, -48537797L, 105346826L, -1863686420L, -1659153553L, 
1766925477L, -352381348L, -1728586190L, -1507263187L, -2041369625L, 
1566034702L, -1090622232L, -242268437L, -7706743L, 1803424536L, 
1637951046L, 473609889L, -1160455885L, -1024526174L, -765872236L, 
1113150999L, 1728938509L, 446568228L, -1854909686L, -56582539L, 
1506729423L, 851183318L, 680528512L, 817657027L, -362024351L, 
1502071504L, 47180846L, -274939431L, 1438129643L, 309819482L, 
946453020L, 379788063L, -1137651851L, -1404168692L, 985812962L, 
-818400067L, 1481601847L, -145695778L, 385915160L, 296217723L, 
1697272345L, 443650728L, -1712998314L, 1952290001L, -1434718077L, 
-483687662L, -533555548L, 248447591L, -2147296323L, -885058252L, 
-782946662L, -457949979L, 944422527L, -1596413946L, -1806120048L, 
1124161075L, 871581137L, 1414059904L, 1541671518L, -876760663L, 
-1738301349L, -892438422L, 1456838924L, 453489487L, -1533710331L, 
-876605764L, -584726638L, 1278555277L, -589663545L, -57875538L, 
1973435912L, -1951174133L, 1695310569L, -135328328L, -659133850L, 
-854714623L, 359145875L, -683410878L, -2009821708L, 401061879L, 
-137090067L, -1417034620L, -739091798L, 1932300309L, -456468305L, 
-1193773386L, 589300960L, -1433057245L, -1947003071L, 1158044208L, 
660293710L, 1396029625L, 796093643L, -302616198L, -1779995524L, 
-2101131073L, 656145813L, 105233836L, -756967550L, -1673888419L, 
1714795607L, 355193662L, 1081342840L, 266909787L, 309264313L, 
1127988744L, -105845578L, 2125396977L, -310917597L, 1019377266L, 
1220848836L, -475059577L, 558047837L, 1168614484L, 1010871930L, 
-1988719163L, 544943903L, 1785010854L, -608854992L, -357302573L, 
-523805455L, -334645216L, -975167810L, -2097743159L, -704868229L, 
516968010L, 1395554988L, -364008017L, -825993280L, 49234484L, 
1335868360L, -415406918L, 1366118288L, -2073756180L, -301834156L, 
1964330642L, 1947120416L, 308958668L, -785761312L, -1031050558L, 
1591683624L, 906692268L, -1723798852L, 638188018L, 1879140656L, 
-933077852L, 199559864L, -2085866662L, 543905168L, -1285963396L, 
-705153772L, 919990594L, 1895758592L, -193324100L, -695622832L, 
715348258L, 248413512L, 836601868L, 1653112924L, 1914547410L, 
-749320192L, 1464941396L, 918170088L, -1183834118L, -319660336L, 
1941206316L, 1064210676L, -1781074030L, 1478401120L, 178138380L, 
-1905819936L, -1482646174L, 783807144L, 82012748L, -439728260L, 
501873458L, 1552459376L, 1150848324L, 605887448L, 1166876794L, 
-1909443024L, -1336569156L, 1357326164L, -1258401214L, -1902734432L, 
244707516L, 1622788560L, -1595280030L, 163724264L, -101449780L, 
-1177528580L, -2085298190L, -490132352L, -1412040460L, 381244552L, 
564225338L, -1330781360L, 1951730796L, 911167636L, 2080029010L, 
-1794455840L, -2056322868L, 1408004256L, 2144465282L, 1527902440L, 
2114068716L, -792362948L, -835895182L, -1190418320L, 283499044L, 
1485734456L, -2035789286L, 997619920L, -483076548L, 1825952916L, 
-1813551998L, 438087616L, -630024900L, 1577805456L, -1613382622L, 
-246822904L, -139660148L, -679589860L, -619232110L, -1349682048L, 
-1172128748L, 352195368L, 1023986746L, 916061392L, -1765815188L, 
1411593908L, -603856878L, -1866285088L, -142576692L, 1211119072L, 
-194741214L, -1295485656L, 1091232012L, -1396351428L, -1206168334L, 
1137580272L, -1498118332L, -2056568744L, 854637114L, -1404999440L, 
-2060471620L, 1968951828L, 1782271170L, -826579360L, 1664660860L, 
-1905701680L, -548496350L, -480589656L, 2081815948L, 263399868L, 
1225136178L, -1154450624L, 399558324L, -802229944L, -505797958L, 
608458512L, 1302612204L, 70113364L, 52915986L, 2041119136L, 1314820044L, 
-1493543072L, 1381872834L, -336667096L, -1409234516L, -332737732L, 
-1069354126L, 49239856L, -1577474012L, -1750450632L, -1268886822L, 
944564112L, -1731908356L, 124491156L, 477188930L, 93719040L, 
-239900612L, -492557744L, 1891385506L, -1572777144L, 1012359692L, 
1576907484L, -94263214L, 232205440L, 2009755476L, -562184216L, 
-209782022L, 2053439312L, -816409556L, -530239116L, -1296501102L, 
1282742880L, 1784600716L, 636258656L, 779626722L, 856384680L, 
-817946932L, 481274364L, 106083250L, 2134440944L, -484333116L, 
-132420264L, -1572513414L, 677386672L, -185130564L, -1415737772L, 
-1696089662L, 409357088L, 1787124668L, 1295839312L, -1763564574L, 
-2028435608L, 626417484L, -1349153028L, 303517426L, 1440451840L, 
-376494988L, 1761209864L, 129777082L, -1274329648L, -1820692500L, 
1757629332L, 846966994L, -249938848L, 272594252L, -1470461152L, 
1707195010L, -1725275672L, -856480788L, -813115844L, -2062025102L, 
-705629328L, 1106398500L, 921492024L, 1269092762L, -901167664L, 
632087996L, 1571391124L, 1705951874L, -980380224L, -1082888388L, 
134771344L, -2047826142L, 343168520L, -1384971508L, 268213148L, 
-376650734L, -377678976L, 1741687572L, 2121954600L, -1297098081L, 
-28640520L, 1922322134L, 219552611L, 1163645733L, 252305602L, 
-47092304L, -379105831L, 1710910283L, -484746820L, -2048214550L, 
2102361631L, 82500777L, -566737858L, -203645652L, -1209055363L, 
2074961351L, 856621232L, 1855291086L, 2143929339L, 1697301597L, 
837245834L, -824874072L, -2143475439L, 342990851L, 68985604L, 
-579281102L, -474448505L, 1014817745L, -512033450L, 1455878964L, 
-1190941115L, -959137137L, -1662651384L, 609574950L, 978526419L, 
-673574347L, -760286830L, 955315552L, 105749705L, 1309646843L, 
-536911924L, -540216742L, 1469517647L, 837828121L, -478200786L, 
-159669700L, -1212571731L, 1772165207L, -1297318496L, 111210238L, 
-265048629L, -1035174963L, 874540794L, 1446282552L, 1959948001L, 
-2022325869L, -1611322956L, 309197506L, 343378647L, 812989217L, 
598055654L, -535553052L, 1032821525L, -1628388545L, 697165528L, 
835232502L, -1360192253L, -326961595L, -1484304798L, 1949681104L, 
-369888519L, -255524821L, 119721884L, 1314693066L, -1801758529L, 
791693833L, -1754561762L, -1373197620L, 119693981L, -207179993L, 
-1800920752L, 428756974L, 978210971L, 182737661L, 1171440106L, 
1534421640L, 2039774257L, 870534819L, 1120315044L, 1743529810L, 
1486196391L, -1069501711L, 342579766L, -1380600108L, 839703141L, 
-1991116689L, 896506536L, 1614931974L, -1666513613L, 1724844437L, 
2062325234L, 1519430208L, 80233385L, -666919397L, 1105213420L, 
1212981242L, 268256303L, -1450724295L, -188864946L, -1336338788L, 
1080405005L, 374337655L, 1172387968L, -1072709922L, -626354773L, 
-1127323987L, 1216428826L, 115041240L, -1949155263L, -250974477L, 
-50966252L, -1648368478L, 933396919L, -580074111L, -134098042L, 
761438660L, -1640052491L, -897136289L, -961592392L, -617896298L, 
1212756131L, 1391442533L, -459411582L, 1763222768L, -35455847L, 
1422660747L, -2040128132L, -247403606L, -205755425L, -156040855L, 
